1389495600 21.000000
1389499200 22.000000
1389502800 24.000000
1389506400 25.000000
1389510000 24.000000
1389513600 22.000000
1389517200 21.000000
1389520800 21.000000
1389524400 21.000000
1389528000 21.000000
1389531600 23.000000
1389535200 26.000000
1389538800 28.000000
1389542400 33.000000
1389546000 38.000000
1389549600 43.000000
1389553200 42.000000
1389556800 40.000000
1389560400 39.000000
1389564000 38.000000
1389567600 37.000000
1389571200 36.000000
1389574800 36.000000
1389578400 36.000000
1389582000 36.000000
1389585600 34.000000
1389589200 32.000000
1389592800 30.000000
1389596400 27.000000
1389600000 24.000000
1389603600 21.000000
1389607200 23.000000
1389610800 26.000000
1389614400 28.000000
1389618000 28.000000
1389621600 28.000000
1389625200 28.000000
1389628800 26.000000
1389632400 25.000000
1389636000 23.000000
1389639600 24.000000
1389643200 24.000000
1389646800 25.000000
1389650400 23.000000
1389654000 20.000000
1389657600 18.000000
1389661200 18.000000
1389664800 19.000000
1389668400 19.000000
1389672000 22.000000
1389675600 24.000000
1389679200 27.000000
1389682800 26.000000
1389686400 24.000000
1389690000 23.000000
1389693600 23.000000
1389697200 23.000000
1389700800 23.000000
1389704400 21.000000
1389708000 18.000000
1389711600 16.000000
1389715200 16.000000
1389718800 16.000000
1389722400 16.000000
1389726000 16.000000
1389729600 16.000000
1389733200 16.000000
1389736800 15.000000
1389740400 13.000000
1389744000 12.000000
1389747600 11.000000
1389751200 10.000000
1389754800 9.000000
1389758400 8.000000
1389762000 8.000000
1389765600 7.000000
1389769200 5.000000
1389772800 2.000000
1389776400 0.000000
1389780000 2.000000
1389783600 5.000000
1389787200 7.000000
1389790800 8.000000
1389794400 8.000000
1389798000 9.000000
1389801600 9.000000
1389805200 9.000000
1389808800 9.000000
1389812400 11.000000
1389816000 12.000000
1389819600 14.000000
1389823200 17.000000
1389826800 20.000000
1389830400 23.000000
1389834000 23.000000
1389837600 23.000000
1389841200 23.000000
1389844800 23.000000
1389848400 23.000000
1389852000 23.000000
1389855600 26.000000
1389859200 29.000000
1389862800 32.000000
1389866400 28.000000
1389870000 25.000000
1389873600 21.000000
1389877200 23.000000
1389880800 26.000000
1389884400 28.000000
1389888000 26.000000
1389891600 23.000000
1389895200 21.000000
1389898800 25.000000
1389902400 30.000000
1389906000 34.000000
1389909600 29.000000
1389913200 23.000000
1389916800 18.000000
1389920400 16.000000
1389924000 14.000000
1389927600 12.000000
1389931200 10.000000
1389934800 9.000000
1389938400 7.000000
1389942000 6.000000
1389945600 6.000000
1389949200 5.000000
1389952800 3.000000
1389956400 2.000000
1389960000 0.000000
1389963600 2.000000
1389967200 3.000000
1389970800 5.000000
1389974400 7.000000
1389978000 8.000000
1389981600 10.000000
1389985200 11.000000
1389988800 13.000000
1389992400 14.000000
1389996000 13.000000
1389999600 11.000000
1390003200 10.000000
1390006800 10.000000
1390010400 10.000000
1390014000 10.000000
1390017600 10.000000
1390021200 10.000000
1390024800 10.000000
1390028400 8.000000
1390032000 5.000000
1390035600 3.000000
1390039200 5.000000
1390042800 7.000000
1390046400 9.000000
1390050000 10.000000
1390053600 11.000000
1390057200 12.000000
1390060800 14.000000
1390064400 16.000000
1390068000 18.000000
1390071600 17.000000
1390075200 17.000000
1390078800 16.000000
1390082400 18.000000
1390086000 19.000000
1390089600 21.000000
1390093200 17.000000
1390096800 13.000000
1390100400 9.000000
1390104000 8.000000
1390107600 8.000000
1390111200 7.000000
1390114800 11.000000
1390118400 15.000000
1390122000 19.000000
1390125600 15.000000
1390129200 11.000000
1390132800 7.000000
1390136400 8.000000
1390140000 9.000000
1390143600 10.000000
1390147200 11.000000
1390150800 13.000000
1390154400 14.000000
1390158000 18.000000
1390161600 23.000000
1390165200 27.000000
1390168800 26.000000
1390172400 24.000000
1390176000 23.000000
1390179600 22.000000
1390183200 20.000000
1390186800 19.000000
1390190400 17.000000
1390194000 16.000000
1390197600 14.000000
1390201200 13.000000
1390204800 11.000000
1390208400 10.000000
1390212000 11.000000
1390215600 11.000000
1390219200 12.000000
1390222800 13.000000
1390226400 15.000000
1390230000 16.000000
1390233600 18.000000
1390237200 19.000000
1390240800 21.000000
1390244400 20.000000
1390248000 20.000000
1390251600 19.000000
1390255200 19.000000
1390258800 18.000000
1390262400 18.000000
1390266000 17.000000
1390269600 17.000000
1390273200 16.000000
1390276800 16.000000
1390280400 16.000000
1390284000 16.000000
1390287600 15.000000
1390291200 15.000000
1390294800 14.000000
1390298400 14.000000
1390302000 14.000000
1390305600 14.000000
1390309200 15.000000
1390312800 17.000000
1390316400 18.000000
1390320000 19.000000
1390323600 20.000000
1390327200 21.000000
1390330800 20.000000
1390334400 19.000000
1390338000 18.000000
1390341600 17.000000
1390345200 17.000000
1390348800 16.000000
1390352400 16.000000
1390356000 16.000000
