1394431200 37.000000
1394434800 36.000000
1394438400 35.000000
1394442000 34.000000
1394445600 34.000000
1394449200 34.000000
1394452800 34.000000
1394456400 36.000000
1394460000 39.000000
1394463600 41.000000
1394467200 43.000000
1394470800 44.000000
1394474400 46.000000
1394478000 46.000000
1394481600 46.000000
1394485200 46.000000
1394488800 47.000000
1394492400 47.000000
1394496000 48.000000
1394499600 45.000000
1394503200 42.000000
1394506800 39.000000
1394510400 38.000000
1394514000 38.000000
1394517600 37.000000
1394521200 36.000000
1394524800 35.000000
1394528400 34.000000
1394532000 33.000000
1394535600 33.000000
1394539200 32.000000
1394542800 33.000000
1394546400 35.000000
1394550000 36.000000
1394553600 36.000000
1394557200 36.000000
1394560800 36.000000
1394564400 36.000000
1394568000 37.000000
1394571600 37.000000
1394575200 37.000000
1394578800 36.000000
1394582400 36.000000
1394586000 33.000000
1394589600 31.000000
1394593200 28.000000
1394596800 27.000000
1394600400 26.000000
1394604000 25.000000
1394607600 24.000000
1394611200 24.000000
1394614800 23.000000
1394618400 22.000000
1394622000 20.000000
1394625600 19.000000
1394629200 19.000000
1394632800 19.000000
1394636400 19.000000
1394640000 23.000000
1394643600 26.000000
1394647200 30.000000
1394650800 28.000000
1394654400 27.000000
1394658000 25.000000
1394661600 27.000000
1394665200 28.000000
1394668800 30.000000
1394672400 29.000000
1394676000 29.000000
1394679600 28.000000
1394683200 26.000000
1394686800 25.000000
1394690400 23.000000
1394694000 23.000000
1394697600 23.000000
1394701200 23.000000
1394704800 21.000000
1394708400 20.000000
1394712000 18.000000
1394715600 21.000000
1394719200 25.000000
1394722800 28.000000
1394726400 33.000000
1394730000 38.000000
1394733600 43.000000
1394737200 42.000000
1394740800 42.000000
1394744400 41.000000
1394748000 41.000000
1394751600 41.000000
1394755200 41.000000
1394758800 41.000000
1394762400 41.000000
1394766000 41.000000
1394769600 40.000000
1394773200 38.000000
1394776800 37.000000
1394780400 35.000000
1394784000 32.000000
1394787600 30.000000
1394791200 34.000000
1394794800 39.000000
1394798400 43.000000
1394802000 42.000000
1394805600 40.000000
1394809200 39.000000
1394812800 39.000000
1394816400 39.000000
1394820000 39.000000
1394823600 40.000000
1394827200 40.000000
1394830800 41.000000
1394834400 40.000000
1394838000 38.000000
1394841600 37.000000
1394845200 37.000000
1394848800 36.000000
1394852400 36.000000
1394856000 33.000000
1394859600 31.000000
1394863200 28.000000
1394866800 28.000000
1394870400 27.000000
1394874000 27.000000
1394877600 26.000000
1394881200 24.000000
1394884800 23.000000
1394888400 24.000000
1394892000 26.000000
1394895600 27.000000
1394899200 28.000000
1394902800 29.000000
1394906400 30.000000
1394910000 34.000000
1394913600 37.000000
1394917200 41.000000
1394920800 39.000000
1394924400 38.000000
1394928000 36.000000
1394931600 34.000000
1394935200 32.000000
1394938800 30.000000
1394942400 29.000000
1394946000 29.000000
1394949600 28.000000
1394953200 28.000000
1394956800 27.000000
1394960400 27.000000
1394964000 26.000000
1394967600 26.000000
1394971200 25.000000
1394974800 26.000000
1394978400 26.000000
1394982000 27.000000
1394985600 28.000000
1394989200 29.000000
1394992800 30.000000
1394996400 31.000000
1395000000 33.000000
1395003600 34.000000
1395007200 33.000000
1395010800 33.000000
1395014400 32.000000
1395018000 30.000000
1395021600 27.000000
1395025200 25.000000
1395028800 24.000000
1395032400 22.000000
1395036000 21.000000
1395039600 19.000000
1395043200 18.000000
1395046800 16.000000
1395050400 17.000000
1395054000 18.000000
1395057600 19.000000
1395061200 20.000000
1395064800 22.000000
1395068400 23.000000
1395072000 28.000000
1395075600 32.000000
1395079200 37.000000
1395082800 38.000000
1395086400 38.000000
1395090000 39.000000
1395093600 38.000000
1395097200 38.000000
1395100800 37.000000
1395104400 36.000000
1395108000 35.000000
1395111600 34.000000
1395115200 34.000000
1395118800 34.000000
1395122400 34.000000
1395126000 30.000000
1395129600 27.000000
1395133200 23.000000
1395136800 22.000000
1395140400 22.000000
1395144000 21.000000
1395147600 22.000000
1395151200 24.000000
1395154800 25.000000
1395158400 27.000000
1395162000 28.000000
1395165600 30.000000
1395169200 32.000000
1395172800 34.000000
1395176400 36.000000
1395180000 36.000000
1395183600 37.000000
1395187200 37.000000
1395190800 35.000000
1395194400 32.000000
1395198000 30.000000
1395201600 29.000000
1395205200 28.000000
1395208800 27.000000
1395212400 24.000000
1395216000 21.000000
1395219600 18.000000
1395223200 17.000000
1395226800 17.000000
1395230400 16.000000
1395234000 18.000000
1395237600 19.000000
1395241200 21.000000
1395244800 23.000000
1395248400 26.000000
1395252000 28.000000
1395255600 29.000000
1395259200 31.000000
1395262800 32.000000
1395266400 32.000000
1395270000 32.000000
1395273600 32.000000
1395277200 30.000000
1395280800 29.000000
1395284400 27.000000
1395288000 24.000000
1395291600 22.000000
