1391497200 8.000000
1391500800 8.000000
1391504400 7.000000
1391508000 9.000000
1391511600 12.000000
1391515200 14.000000
1391518800 13.000000
1391522400 11.000000
1391526000 10.000000
1391529600 11.000000
1391533200 11.000000
1391536800 12.000000
1391540400 13.000000
1391544000 15.000000
1391547600 16.000000
1391551200 14.000000
1391554800 12.000000
1391558400 10.000000
1391562000 9.000000
1391565600 8.000000
1391569200 7.000000
1391572800 5.000000
1391576400 3.000000
1391580000 1.000000
1391583600 1.000000
1391587200 1.000000
1391590800 1.000000
1391594400 0.000000
1391598000 -1.000000
1391601600 -3.000000
1391605200 -2.000000
1391608800 -2.000000
1391612400 -1.000000
1391616000 0.000000
1391619600 0.000000
1391623200 0.000000
1391626800 2.000000
1391630400 3.000000
1391634000 5.000000
1391637600 3.000000
1391641200 0.000000
1391644800 -1.000000
1391648400 -2.000000
1391652000 -2.000000
1391655600 -3.000000
1391659200 -5.000000
1391662800 -6.000000
1391666400 -8.000000
1391670000 -8.000000
1391673600 -7.000000
1391677200 -7.000000
1391680800 -6.000000
1391684400 -4.000000
1391688000 -3.000000
1391691600 -3.000000
1391695200 -3.000000
1391698800 -3.000000
1391702400 0.000000
1391706000 2.000000
1391709600 5.000000
1391713200 6.000000
1391716800 8.000000
1391720400 9.000000
1391724000 6.000000
1391727600 3.000000
1391731200 0.000000
1391734800 2.000000
1391738400 3.000000
1391742000 5.000000
1391745600 4.000000
1391749200 2.000000
1391752800 1.000000
1391756400 -1.000000
1391760000 -4.000000
1391763600 -7.000000
1391767200 -6.000000
1391770800 -6.000000
1391774400 -5.000000
1391778000 -3.000000
1391781600 0.000000
1391785200 1.000000
1391788800 4.000000
1391792400 6.000000
1391796000 9.000000
1391799600 11.000000
1391803200 12.000000
1391806800 14.000000
1391810400 12.000000
1391814000 9.000000
1391817600 7.000000
1391821200 7.000000
1391824800 7.000000
1391828400 7.000000
1391832000 5.000000
1391835600 3.000000
1391839200 1.000000
1391842800 0.000000
1391846400 -1.000000
1391850000 -3.000000
1391853600 -1.000000
1391857200 0.000000
1391860800 1.000000
1391864400 2.000000
1391868000 2.000000
1391871600 3.000000
1391875200 7.000000
1391878800 10.000000
1391882400 14.000000
1391886000 15.000000
1391889600 15.000000
1391893200 16.000000
1391896800 14.000000
1391900400 12.000000
1391904000 10.000000
1391907600 8.000000
1391911200 7.000000
1391914800 5.000000
1391918400 4.000000
1391922000 2.000000
1391925600 1.000000
1391929200 0.000000
1391932800 -3.000000
1391936400 -5.000000
1391940000 -4.000000
1391943600 -4.000000
1391947200 -3.000000
1391950800 -2.000000
1391954400 0.000000
1391958000 0.000000
1391961600 3.000000
1391965200 7.000000
1391968800 10.000000
1391972400 10.000000
1391976000 10.000000
1391979600 10.000000
1391983200 10.000000
1391986800 9.000000
1391990400 9.000000
1391994000 8.000000
1391997600 6.000000
1392001200 5.000000
1392004800 2.000000
1392008400 0.000000
1392012000 -3.000000
1392015600 -4.000000
1392019200 -4.000000
1392022800 -5.000000
1392026400 -6.000000
1392030000 -6.000000
1392033600 -7.000000
1392037200 -5.000000
1392040800 -3.000000
1392044400 -1.000000
1392048000 0.000000
1392051600 1.000000
1392055200 3.000000
1392058800 6.000000
1392062400 9.000000
1392066000 12.000000
1392069600 11.000000
1392073200 11.000000
1392076800 10.000000
1392080400 8.000000
1392084000 5.000000
1392087600 3.000000
1392091200 2.000000
1392094800 1.000000
1392098400 0.000000
1392102000 -2.000000
1392105600 -4.000000
1392109200 -7.000000
1392112800 -6.000000
1392116400 -4.000000
1392120000 -3.000000
1392123600 -5.000000
1392127200 -6.000000
1392130800 -8.000000
1392134400 -5.000000
1392138000 -2.000000
1392141600 0.000000
1392145200 2.000000
1392148800 5.000000
1392152400 7.000000
1392156000 6.000000
1392159600 6.000000
1392163200 5.000000
1392166800 5.000000
1392170400 5.000000
1392174000 5.000000
1392177600 5.000000
1392181200 5.000000
1392184800 5.000000
1392188400 5.000000
1392192000 5.000000
1392195600 5.000000
1392199200 6.000000
1392202800 6.000000
1392206400 7.000000
1392210000 9.000000
1392213600 10.000000
1392217200 12.000000
1392220800 13.000000
1392224400 15.000000
1392228000 16.000000
1392231600 15.000000
1392235200 15.000000
1392238800 14.000000
1392242400 14.000000
1392246000 14.000000
1392249600 14.000000
1392253200 12.000000
1392256800 11.000000
1392260400 9.000000
1392264000 10.000000
1392267600 11.000000
1392271200 12.000000
1392274800 11.000000
1392278400 11.000000
1392282000 10.000000
1392285600 8.000000
1392289200 5.000000
1392292800 3.000000
1392296400 2.000000
1392300000 2.000000
1392303600 1.000000
1392307200 4.000000
1392310800 6.000000
1392314400 9.000000
1392318000 10.000000
1392321600 11.000000
1392325200 12.000000
1392328800 11.000000
1392332400 10.000000
1392336000 9.000000
1392339600 8.000000
1392343200 8.000000
1392346800 7.000000
1392350400 7.000000
1392354000 7.000000
1392357600 7.000000
