1392390000 5.000000
1392393600 7.000000
1392397200 8.000000
1392400800 10.000000
1392404400 12.000000
1392408000 14.000000
1392411600 16.000000
1392415200 15.000000
1392418800 15.000000
1392422400 14.000000
1392426000 13.000000
1392429600 11.000000
1392433200 10.000000
1392436800 7.000000
1392440400 4.000000
1392444000 1.000000
1392447600 2.000000
1392451200 4.000000
1392454800 5.000000
1392458400 6.000000
1392462000 6.000000
1392465600 7.000000
1392469200 8.000000
1392472800 9.000000
1392476400 10.000000
1392480000 14.000000
1392483600 17.000000
1392487200 21.000000
1392490800 20.000000
1392494400 19.000000
1392498000 18.000000
1392501600 18.000000
1392505200 18.000000
1392508800 18.000000
1392512400 19.000000
1392516000 20.000000
1392519600 21.000000
1392523200 18.000000
1392526800 15.000000
1392530400 12.000000
1392534000 13.000000
1392537600 13.000000
1392541200 14.000000
1392544800 12.000000
1392548400 11.000000
1392552000 9.000000
1392555600 10.000000
1392559200 11.000000
1392562800 12.000000
1392566400 13.000000
1392570000 15.000000
1392573600 16.000000
1392577200 18.000000
1392580800 21.000000
1392584400 23.000000
1392588000 24.000000
1392591600 24.000000
1392595200 25.000000
1392598800 26.000000
1392602400 26.000000
1392606000 27.000000
1392609600 27.000000
1392613200 28.000000
1392616800 28.000000
1392620400 28.000000
1392624000 28.000000
1392627600 28.000000
1392631200 27.000000
1392634800 26.000000
1392638400 25.000000
1392642000 27.000000
1392645600 28.000000
1392649200 30.000000
1392652800 28.000000
1392656400 25.000000
1392660000 23.000000
1392663600 27.000000
1392667200 32.000000
1392670800 36.000000
1392674400 35.000000
1392678000 33.000000
1392681600 32.000000
1392685200 30.000000
1392688800 29.000000
1392692400 27.000000
1392696000 27.000000
1392699600 27.000000
1392703200 27.000000
1392706800 29.000000
1392710400 30.000000
1392714000 32.000000
1392717600 28.000000
1392721200 23.000000
1392724800 19.000000
1392728400 22.000000
1392732000 24.000000
1392735600 27.000000
1392739200 30.000000
1392742800 33.000000
1392746400 36.000000
1392750000 36.000000
1392753600 37.000000
1392757200 37.000000
1392760800 37.000000
1392764400 36.000000
1392768000 36.000000
1392771600 36.000000
1392775200 36.000000
1392778800 36.000000
1392782400 33.000000
1392786000 30.000000
1392789600 27.000000
1392793200 29.000000
1392796800 30.000000
1392800400 32.000000
1392804000 31.000000
1392807600 31.000000
1392811200 30.000000
1392814800 30.000000
1392818400 30.000000
1392822000 30.000000
1392825600 32.000000
1392829200 35.000000
1392832800 37.000000
1392836400 38.000000
1392840000 38.000000
1392843600 39.000000
1392847200 38.000000
1392850800 38.000000
1392854400 37.000000
1392858000 36.000000
1392861600 35.000000
1392865200 34.000000
1392868800 33.000000
1392872400 33.000000
1392876000 32.000000
1392879600 30.000000
1392883200 27.000000
1392886800 25.000000
1392890400 27.000000
1392894000 30.000000
1392897600 32.000000
1392901200 31.000000
1392904800 31.000000
1392908400 30.000000
1392912000 31.000000
1392915600 31.000000
1392919200 32.000000
1392922800 33.000000
1392926400 35.000000
1392930000 36.000000
1392933600 34.000000
1392937200 32.000000
1392940800 30.000000
1392944400 30.000000
1392948000 30.000000
1392951600 30.000000
1392955200 28.000000
1392958800 25.000000
1392962400 23.000000
1392966000 24.000000
1392969600 24.000000
1392973200 25.000000
1392976800 24.000000
1392980400 24.000000
1392984000 23.000000
1392987600 24.000000
1392991200 24.000000
1392994800 25.000000
1392998400 26.000000
1393002000 26.000000
1393005600 27.000000
1393009200 29.000000
1393012800 32.000000
1393016400 34.000000
1393020000 29.000000
1393023600 23.000000
1393027200 18.000000
1393030800 17.000000
1393034400 17.000000
1393038000 16.000000
1393041600 15.000000
1393045200 15.000000
1393048800 14.000000
1393052400 19.000000
1393056000 23.000000
1393059600 28.000000
1393063200 22.000000
1393066800 16.000000
1393070400 10.000000
1393074000 11.000000
1393077600 11.000000
1393081200 12.000000
1393084800 13.000000
1393088400 13.000000
1393092000 14.000000
1393095600 13.000000
1393099200 13.000000
1393102800 12.000000
1393106400 11.000000
1393110000 10.000000
1393113600 9.000000
1393117200 8.000000
1393120800 8.000000
1393124400 7.000000
1393128000 6.000000
1393131600 4.000000
1393135200 3.000000
1393138800 3.000000
1393142400 3.000000
1393146000 3.000000
1393149600 3.000000
1393153200 3.000000
1393156800 3.000000
1393160400 4.000000
1393164000 6.000000
1393167600 7.000000
1393171200 9.000000
1393174800 12.000000
1393178400 14.000000
1393182000 13.000000
1393185600 13.000000
1393189200 12.000000
1393192800 11.000000
1393196400 11.000000
1393200000 10.000000
1393203600 10.000000
1393207200 9.000000
1393210800 9.000000
1393214400 9.000000
1393218000 9.000000
1393221600 9.000000
1393225200 9.000000
1393228800 9.000000
1393232400 9.000000
1393236000 8.000000
1393239600 8.000000
1393243200 7.000000
1393246800 9.000000
1393250400 10.000000
