1392102000 -13.000000
1392105600 -11.000000
1392109200 -10.000000
1392112800 -11.000000
1392116400 -13.000000
1392120000 -14.000000
1392123600 -12.000000
1392127200 -9.000000
1392130800 -7.000000
1392134400 -1.000000
1392138000 3.000000
1392141600 9.000000
1392145200 11.000000
1392148800 12.000000
1392152400 14.000000
1392156000 12.000000
1392159600 11.000000
1392163200 9.000000
1392166800 11.000000
1392170400 14.000000
1392174000 16.000000
1392177600 17.000000
1392181200 17.000000
1392184800 18.000000
1392188400 17.000000
1392192000 17.000000
1392195600 16.000000
1392199200 18.000000
1392202800 19.000000
1392206400 21.000000
1392210000 19.000000
1392213600 18.000000
1392217200 16.000000
1392220800 18.000000
1392224400 19.000000
1392228000 21.000000
1392231600 22.000000
1392235200 22.000000
1392238800 23.000000
1392242400 24.000000
1392246000 24.000000
1392249600 25.000000
1392253200 21.000000
1392256800 16.000000
1392260400 12.000000
1392264000 12.000000
1392267600 12.000000
1392271200 12.000000
1392274800 16.000000
1392278400 21.000000
1392282000 25.000000
1392285600 24.000000
1392289200 22.000000
1392292800 21.000000
1392296400 22.000000
1392300000 24.000000
1392303600 25.000000
1392307200 29.000000
1392310800 33.000000
1392314400 37.000000
1392318000 37.000000
1392321600 37.000000
1392325200 37.000000
1392328800 31.000000
1392332400 25.000000
1392336000 19.000000
1392339600 20.000000
1392343200 20.000000
1392346800 21.000000
1392350400 20.000000
1392354000 19.000000
1392357600 18.000000
1392361200 15.000000
1392364800 13.000000
1392368400 10.000000
1392372000 7.000000
1392375600 4.000000
1392379200 1.000000
1392382800 4.000000
1392386400 6.000000
1392390000 9.000000
1392393600 11.000000
1392397200 12.000000
1392400800 14.000000
1392404400 15.000000
1392408000 17.000000
1392411600 18.000000
1392415200 17.000000
1392418800 15.000000
1392422400 14.000000
1392426000 12.000000
1392429600 11.000000
1392433200 9.000000
1392436800 9.000000
1392440400 9.000000
1392444000 9.000000
1392447600 8.000000
1392451200 8.000000
1392454800 7.000000
1392458400 6.000000
1392462000 6.000000
1392465600 5.000000
1392469200 7.000000
1392472800 8.000000
1392476400 10.000000
1392480000 13.000000
1392483600 16.000000
1392487200 19.000000
1392490800 18.000000
1392494400 17.000000
1392498000 16.000000
1392501600 17.000000
1392505200 17.000000
1392508800 18.000000
1392512400 17.000000
1392516000 15.000000
1392519600 14.000000
1392523200 13.000000
1392526800 13.000000
1392530400 12.000000
1392534000 10.000000
1392537600 9.000000
1392541200 7.000000
1392544800 7.000000
1392548400 7.000000
1392552000 7.000000
1392555600 9.000000
1392559200 12.000000
1392562800 14.000000
1392566400 16.000000
1392570000 19.000000
1392573600 21.000000
1392577200 22.000000
1392580800 24.000000
1392584400 25.000000
1392588000 26.000000
1392591600 26.000000
1392595200 27.000000
1392598800 24.000000
1392602400 22.000000
1392606000 19.000000
1392609600 22.000000
1392613200 25.000000
1392616800 28.000000
1392620400 26.000000
1392624000 23.000000
1392627600 21.000000
1392631200 25.000000
1392634800 28.000000
1392638400 32.000000
1392642000 29.000000
1392645600 26.000000
1392649200 23.000000
1392652800 25.000000
1392656400 26.000000
1392660000 28.000000
1392663600 29.000000
1392667200 31.000000
1392670800 32.000000
1392674400 31.000000
1392678000 31.000000
1392681600 30.000000
1392685200 29.000000
1392688800 28.000000
1392692400 27.000000
1392696000 26.000000
1392699600 26.000000
1392703200 25.000000
1392706800 24.000000
1392710400 24.000000
1392714000 23.000000
1392717600 23.000000
1392721200 23.000000
1392724800 23.000000
1392728400 23.000000
1392732000 23.000000
1392735600 23.000000
1392739200 24.000000
1392742800 26.000000
1392746400 27.000000
1392750000 28.000000
1392753600 29.000000
1392757200 30.000000
1392760800 28.000000
1392764400 25.000000
1392768000 23.000000
1392771600 23.000000
1392775200 23.000000
1392778800 23.000000
1392782400 22.000000
1392786000 22.000000
1392789600 21.000000
1392793200 21.000000
1392796800 21.000000
1392800400 21.000000
1392804000 21.000000
1392807600 21.000000
1392811200 21.000000
1392814800 23.000000
1392818400 25.000000
1392822000 27.000000
1392825600 28.000000
1392829200 29.000000
1392832800 30.000000
1392836400 29.000000
1392840000 29.000000
1392843600 28.000000
1392847200 28.000000
1392850800 27.000000
1392854400 27.000000
1392858000 27.000000
1392861600 27.000000
1392865200 27.000000
1392868800 27.000000
1392872400 27.000000
1392876000 27.000000
1392879600 27.000000
1392883200 27.000000
1392886800 27.000000
1392890400 27.000000
1392894000 28.000000
1392897600 28.000000
1392901200 28.000000
1392904800 27.000000
1392908400 27.000000
1392912000 29.000000
1392915600 30.000000
1392919200 32.000000
1392922800 31.000000
1392926400 31.000000
1392930000 30.000000
1392933600 29.000000
1392937200 29.000000
1392940800 28.000000
1392944400 28.000000
1392948000 28.000000
1392951600 28.000000
1392955200 28.000000
1392958800 27.000000
1392962400 27.000000
