1391886000 12.000000
1391889600 14.000000
1391893200 16.000000
1391896800 14.000000
1391900400 12.000000
1391904000 10.000000
1391907600 9.000000
1391911200 8.000000
1391914800 7.000000
1391918400 6.000000
1391922000 4.000000
1391925600 3.000000
1391929200 2.000000
1391932800 2.000000
1391936400 1.000000
1391940000 0.000000
1391943600 -3.000000
1391947200 -5.000000
1391950800 -3.000000
1391954400 -1.000000
1391958000 0.000000
1391961600 1.000000
1391965200 2.000000
1391968800 3.000000
1391972400 4.000000
1391976000 6.000000
1391979600 7.000000
1391983200 6.000000
1391986800 4.000000
1391990400 3.000000
1391994000 1.000000
1391997600 -1.000000
1392001200 -3.000000
1392004800 -4.000000
1392008400 -6.000000
1392012000 -7.000000
1392015600 -8.000000
1392019200 -9.000000
1392022800 -10.000000
1392026400 -11.000000
1392030000 -11.000000
1392033600 -12.000000
1392037200 -11.000000
1392040800 -11.000000
1392044400 -10.000000
1392048000 -7.000000
1392051600 -4.000000
1392055200 -1.000000
1392058800 0.000000
1392062400 0.000000
1392066000 0.000000
1392069600 0.000000
1392073200 -2.000000
1392076800 -3.000000
1392080400 -3.000000
1392084000 -3.000000
1392087600 -3.000000
1392091200 -5.000000
1392094800 -6.000000
1392098400 -8.000000
1392102000 -9.000000
1392105600 -11.000000
1392109200 -12.000000
1392112800 -12.000000
1392116400 -12.000000
1392120000 -12.000000
1392123600 -9.000000
1392127200 -6.000000
1392130800 -3.000000
1392134400 0.000000
1392138000 3.000000
1392141600 7.000000
1392145200 12.000000
1392148800 16.000000
1392152400 21.000000
1392156000 17.000000
1392159600 14.000000
1392163200 10.000000
1392166800 10.000000
1392170400 9.000000
1392174000 9.000000
1392177600 9.000000
1392181200 10.000000
1392184800 10.000000
1392188400 9.000000
1392192000 8.000000
1392195600 7.000000
1392199200 11.000000
1392202800 15.000000
1392206400 19.000000
1392210000 23.000000
1392213600 28.000000
1392217200 32.000000
1392220800 28.000000
1392224400 23.000000
1392228000 19.000000
1392231600 25.000000
1392235200 30.000000
1392238800 36.000000
1392242400 32.000000
1392246000 29.000000
1392249600 25.000000
1392253200 21.000000
1392256800 16.000000
1392260400 12.000000
1392264000 13.000000
1392267600 13.000000
1392271200 14.000000
1392274800 15.000000
1392278400 17.000000
1392282000 18.000000
1392285600 19.000000
1392289200 20.000000
1392292800 21.000000
1392296400 22.000000
1392300000 22.000000
1392303600 23.000000
1392307200 22.000000
1392310800 20.000000
1392314400 19.000000
1392318000 25.000000
1392321600 31.000000
1392325200 37.000000
1392328800 31.000000
1392332400 24.000000
1392336000 18.000000
1392339600 14.000000
1392343200 9.000000
1392346800 5.000000
1392350400 4.000000
1392354000 4.000000
1392357600 3.000000
1392361200 4.000000
1392364800 6.000000
1392368400 7.000000
1392372000 7.000000
1392375600 7.000000
1392379200 7.000000
1392382800 6.000000
1392386400 4.000000
1392390000 3.000000
1392393600 8.000000
1392397200 14.000000
1392400800 19.000000
1392404400 19.000000
1392408000 18.000000
1392411600 18.000000
1392415200 17.000000
1392418800 17.000000
1392422400 16.000000
1392426000 15.000000
1392429600 15.000000
1392433200 14.000000
1392436800 15.000000
1392440400 15.000000
1392444000 16.000000
1392447600 14.000000
1392451200 11.000000
1392454800 9.000000
1392458400 9.000000
1392462000 9.000000
1392465600 9.000000
1392469200 9.000000
1392472800 10.000000
1392476400 10.000000
1392480000 13.000000
1392483600 16.000000
1392487200 19.000000
1392490800 20.000000
1392494400 20.000000
1392498000 21.000000
1392501600 20.000000
1392505200 20.000000
1392508800 19.000000
1392512400 15.000000
1392516000 11.000000
1392519600 7.000000
1392523200 6.000000
1392526800 4.000000
1392530400 3.000000
1392534000 3.000000
1392537600 3.000000
1392541200 3.000000
1392544800 3.000000
1392548400 3.000000
1392552000 3.000000
1392555600 5.000000
1392559200 8.000000
1392562800 10.000000
1392566400 12.000000
1392570000 14.000000
1392573600 16.000000
1392577200 15.000000
1392580800 15.000000
1392584400 14.000000
1392588000 13.000000
1392591600 13.000000
1392595200 12.000000
1392598800 13.000000
1392602400 13.000000
1392606000 14.000000
1392609600 14.000000
1392613200 14.000000
1392616800 14.000000
1392620400 15.000000
1392624000 15.000000
1392627600 16.000000
1392631200 17.000000
1392634800 17.000000
1392638400 18.000000
1392642000 19.000000
1392645600 20.000000
1392649200 21.000000
1392652800 23.000000
1392656400 25.000000
1392660000 27.000000
1392663600 26.000000
1392667200 26.000000
1392670800 25.000000
1392674400 24.000000
1392678000 24.000000
1392681600 23.000000
1392685200 23.000000
1392688800 23.000000
1392692400 23.000000
1392696000 22.000000
1392699600 22.000000
1392703200 21.000000
1392706800 20.000000
1392710400 20.000000
1392714000 19.000000
1392717600 19.000000
1392721200 18.000000
1392724800 18.000000
1392728400 19.000000
1392732000 20.000000
1392735600 21.000000
1392739200 22.000000
1392742800 24.000000
1392746400 25.000000
