1387904400 0.000000
1387908000 7.000000
1387911600 8.000000
1387915200 9.000000
1387918800 10.000000
1387922400 11.000000
1387926000 11.000000
1387929600 12.000000
1387933200 13.000000
1387936800 13.000000
1387940400 14.000000
1387944000 14.000000
1387947600 14.000000
1387951200 14.000000
1387954800 13.000000
1387958400 11.000000
1387962000 10.000000
1387965600 13.000000
1387969200 15.000000
1387972800 18.000000
1387976400 17.000000
1387980000 15.000000
1387983600 14.000000
1387987200 16.000000
1387990800 19.000000
1387994400 21.000000
1387998000 22.000000
1388001600 22.000000
1388005200 23.000000
1388008800 22.000000
1388012400 20.000000
1388016000 19.000000
1388019600 18.000000
1388023200 17.000000
1388026800 16.000000
1388030400 14.000000
1388034000 12.000000
1388037600 10.000000
1388041200 7.000000
1388044800 3.000000
1388048400 0.000000
1388052000 0.000000
1388055600 1.000000
1388059200 1.000000
1388062800 1.000000
1388066400 0.000000
1388070000 0.000000
1388073600 3.000000
1388077200 7.000000
1388080800 10.000000
1388084400 13.000000
1388088000 15.000000
1388091600 18.000000
1388095200 12.000000
1388098800 6.000000
1388102400 0.000000
1388106000 3.000000
1388109600 7.000000
1388113200 10.000000
1388116800 5.000000
1388120400 1.000000
1388124000 -3.000000
1388127600 3.000000
1388131200 11.000000
1388134800 18.000000
1388138400 14.000000
1388142000 11.000000
1388145600 7.000000
1388149200 11.000000
1388152800 15.000000
1388156400 19.000000
1388160000 19.000000
1388163600 19.000000
1388167200 19.000000
1388170800 22.000000
1388174400 25.000000
1388178000 28.000000
1388181600 26.000000
1388185200 23.000000
1388188800 21.000000
1388192400 22.000000
1388196000 22.000000
1388199600 23.000000
1388203200 22.000000
1388206800 22.000000
1388210400 21.000000
1388214000 22.000000
1388217600 22.000000
1388221200 23.000000
1388224800 23.000000
1388228400 23.000000
1388232000 23.000000
1388235600 24.000000
1388239200 26.000000
1388242800 27.000000
1388246400 26.000000
1388250000 26.000000
1388253600 25.000000
1388257200 28.000000
1388260800 31.000000
1388264400 34.000000
1388268000 32.000000
1388271600 29.000000
1388275200 27.000000
1388278800 24.000000
1388282400 22.000000
1388286000 19.000000
1388289600 16.000000
1388293200 12.000000
1388296800 9.000000
1388300400 8.000000
1388304000 6.000000
1388307600 5.000000
1388311200 4.000000
1388314800 2.000000
1388318400 1.000000
1388322000 4.000000
1388325600 6.000000
1388329200 9.000000
1388332800 9.000000
1388336400 9.000000
1388340000 9.000000
1388343600 12.000000
1388347200 15.000000
1388350800 18.000000
1388354400 12.000000
1388358000 7.000000
1388361600 1.000000
1388365200 4.000000
1388368800 7.000000
1388372400 10.000000
1388376000 7.000000
1388379600 3.000000
1388383200 0.000000
1388386800 0.000000
1388390400 0.000000
1388394000 0.000000
1388397600 -2.000000
1388401200 -4.000000
1388404800 -7.000000
1388408400 -6.000000
1388412000 -4.000000
1388415600 -3.000000
1388419200 -2.000000
1388422800 0.000000
1388426400 0.000000
1388430000 0.000000
1388433600 0.000000
1388437200 -1.000000
1388440800 -2.000000
1388444400 -2.000000
1388448000 -3.000000
1388451600 -3.000000
1388455200 -3.000000
1388458800 -3.000000
1388462400 -4.000000
1388466000 -6.000000
1388469600 -7.000000
1388473200 -7.000000
1388476800 -7.000000
1388480400 -7.000000
1388484000 -7.000000
1388487600 -8.000000
1388491200 -8.000000
1388494800 -5.000000
1388498400 -1.000000
1388502000 1.000000
1388505600 2.000000
1388509200 4.000000
1388512800 5.000000
1388516400 4.000000
1388520000 4.000000
1388523600 3.000000
1388527200 2.000000
1388530800 2.000000
1388534400 1.000000
1388538000 1.000000
1388541600 0.000000
1388545200 0.000000
1388548800 0.000000
1388552400 0.000000
1388556000 -1.000000
1388559600 -2.000000
1388563200 -2.000000
1388566800 -3.000000
1388570400 -4.000000
1388574000 -4.000000
1388577600 -5.000000
1388581200 -3.000000
1388584800 -1.000000
1388588400 0.000000
1388592000 1.000000
1388595600 2.000000
1388599200 3.000000
1388602800 2.000000
1388606400 2.000000
1388610000 1.000000
1388613600 1.000000
1388617200 0.000000
1388620800 0.000000
1388624400 0.000000
1388628000 0.000000
1388631600 0.000000
1388635200 0.000000
1388638800 0.000000
1388642400 -1.000000
1388646000 -1.000000
1388649600 -1.000000
1388653200 -1.000000
1388656800 0.000000
1388660400 0.000000
1388664000 0.000000
1388667600 2.000000
1388671200 3.000000
1388674800 5.000000
1388678400 7.000000
1388682000 8.000000
1388685600 10.000000
1388689200 10.000000
1388692800 10.000000
1388696400 10.000000
1388700000 12.000000
1388703600 14.000000
1388707200 16.000000
1388710800 16.000000
1388714400 16.000000
1388718000 16.000000
1388721600 16.000000
1388725200 16.000000
1388728800 16.000000
1388732400 16.000000
1388736000 16.000000
1388739600 16.000000
1388743200 16.000000
1388746800 16.000000
1388750400 16.000000
1388754000 14.000000
1388757600 12.000000
1388761200 10.000000
1388764800 11.000000
