1387818000 3.000000
1387821600 5.000000
1387825200 4.000000
1387828800 4.000000
1387832400 3.000000
1387836000 2.000000
1387839600 1.000000
1387843200 0.000000
1387846800 -1.000000
1387850400 -3.000000
1387854000 -5.000000
1387857600 -6.000000
1387861200 -7.000000
1387864800 -8.000000
1387868400 -8.000000
1387872000 -8.000000
1387875600 -8.000000
1387879200 -5.000000
1387882800 -2.000000
1387886400 0.000000
1387890000 0.000000
1387893600 1.000000
1387897200 1.000000
1387900800 2.000000
1387904400 4.000000
1387908000 5.000000
1387911600 6.000000
1387915200 6.000000
1387918800 7.000000
1387922400 9.000000
1387926000 10.000000
1387929600 12.000000
1387933200 13.000000
1387936800 13.000000
1387940400 14.000000
1387944000 13.000000
1387947600 13.000000
1387951200 12.000000
1387954800 14.000000
1387958400 16.000000
1387962000 18.000000
1387965600 17.000000
1387969200 17.000000
1387972800 16.000000
1387976400 15.000000
1387980000 13.000000
1387983600 12.000000
1387987200 15.000000
1387990800 18.000000
1387994400 21.000000
1387998000 23.000000
1388001600 25.000000
1388005200 27.000000
1388008800 26.000000
1388012400 24.000000
1388016000 23.000000
1388019600 20.000000
1388023200 17.000000
1388026800 14.000000
1388030400 12.000000
1388034000 9.000000
1388037600 7.000000
1388041200 4.000000
1388044800 1.000000
1388048400 -1.000000
1388052000 0.000000
1388055600 0.000000
1388059200 1.000000
1388062800 2.000000
1388066400 2.000000
1388070000 3.000000
1388073600 3.000000
1388077200 3.000000
1388080800 3.000000
1388084400 5.000000
1388088000 7.000000
1388091600 9.000000
1388095200 6.000000
1388098800 3.000000
1388102400 0.000000
1388106000 3.000000
1388109600 6.000000
1388113200 9.000000
1388116800 9.000000
1388120400 10.000000
1388124000 10.000000
1388127600 11.000000
1388131200 11.000000
1388134800 12.000000
1388138400 12.000000
1388142000 12.000000
1388145600 12.000000
1388149200 13.000000
1388152800 15.000000
1388156400 16.000000
1388160000 14.000000
1388163600 12.000000
1388167200 10.000000
1388170800 15.000000
1388174400 20.000000
1388178000 25.000000
1388181600 23.000000
1388185200 21.000000
1388188800 19.000000
1388192400 21.000000
1388196000 23.000000
1388199600 25.000000
1388203200 25.000000
1388206800 25.000000
1388210400 25.000000
1388214000 25.000000
1388217600 25.000000
1388221200 25.000000
1388224800 25.000000
1388228400 25.000000
1388232000 25.000000
1388235600 25.000000
1388239200 25.000000
1388242800 25.000000
1388246400 26.000000
1388250000 27.000000
1388253600 28.000000
1388257200 29.000000
1388260800 31.000000
1388264400 32.000000
1388268000 33.000000
1388271600 33.000000
1388275200 34.000000
1388278800 34.000000
1388282400 34.000000
1388286000 34.000000
1388289600 31.000000
1388293200 28.000000
1388296800 25.000000
1388300400 24.000000
1388304000 22.000000
1388307600 21.000000
1388311200 18.000000
1388314800 15.000000
1388318400 12.000000
1388322000 12.000000
1388325600 12.000000
1388329200 12.000000
1388332800 11.000000
1388336400 11.000000
1388340000 10.000000
1388343600 9.000000
1388347200 8.000000
1388350800 7.000000
1388354400 6.000000
1388358000 4.000000
1388361600 3.000000
1388365200 2.000000
1388368800 2.000000
1388372400 1.000000
1388376000 0.000000
1388379600 0.000000
1388383200 -1.000000
1388386800 -2.000000
1388390400 -2.000000
1388394000 -3.000000
1388397600 -4.000000
1388401200 -6.000000
1388404800 -7.000000
1388408400 -6.000000
1388412000 -4.000000
1388415600 -3.000000
1388419200 -2.000000
1388422800 0.000000
1388426400 0.000000
1388430000 0.000000
1388433600 0.000000
1388437200 0.000000
1388440800 0.000000
1388444400 0.000000
1388448000 -1.000000
1388451600 -1.000000
1388455200 -1.000000
1388458800 -1.000000
1388462400 -1.000000
1388466000 -1.000000
1388469600 -1.000000
1388473200 -1.000000
1388476800 -1.000000
1388480400 -1.000000
1388484000 -1.000000
1388487600 -1.000000
1388491200 -1.000000
1388494800 0.000000
1388498400 0.000000
1388502000 1.000000
1388505600 2.000000
1388509200 4.000000
1388512800 5.000000
1388516400 4.000000
1388520000 4.000000
1388523600 3.000000
1388527200 2.000000
1388530800 1.000000
1388534400 0.000000
1388538000 0.000000
1388541600 0.000000
1388545200 0.000000
1388548800 0.000000
1388552400 0.000000
1388556000 -1.000000
1388559600 0.000000
1388563200 1.000000
1388566800 3.000000
1388570400 0.000000
1388574000 -2.000000
1388577600 -5.000000
1388581200 -4.000000
1388584800 -2.000000
1388588400 -1.000000
1388592000 0.000000
1388595600 0.000000
1388599200 1.000000
1388602800 1.000000
1388606400 0.000000
1388610000 0.000000
1388613600 1.000000
1388617200 2.000000
1388620800 3.000000
1388624400 2.000000
1388628000 2.000000
1388631600 1.000000
1388635200 1.000000
1388638800 1.000000
1388642400 1.000000
1388646000 1.000000
1388649600 1.000000
1388653200 1.000000
1388656800 1.000000
1388660400 0.000000
1388664000 0.000000
1388667600 1.000000
1388671200 2.000000
1388674800 3.000000
1388678400 5.000000
