1387688400 13.000000
1387692000 12.000000
1387695600 12.000000
1387699200 12.000000
1387702800 12.000000
1387706400 14.000000
1387710000 16.000000
1387713600 18.000000
1387717200 16.000000
1387720800 14.000000
1387724400 12.000000
1387728000 14.000000
1387731600 17.000000
1387735200 19.000000
1387738800 19.000000
1387742400 19.000000
1387746000 19.000000
1387749600 17.000000
1387753200 16.000000
1387756800 14.000000
1387760400 13.000000
1387764000 13.000000
1387767600 12.000000
1387771200 11.000000
1387774800 10.000000
1387778400 9.000000
1387782000 7.000000
1387785600 5.000000
1387789200 3.000000
1387792800 4.000000
1387796400 4.000000
1387800000 5.000000
1387803600 4.000000
1387807200 4.000000
1387810800 3.000000
1387814400 3.000000
1387818000 3.000000
1387821600 3.000000
1387825200 3.000000
1387828800 3.000000
1387832400 3.000000
1387836000 2.000000
1387839600 1.000000
1387843200 0.000000
1387846800 0.000000
1387850400 -2.000000
1387854000 -3.000000
1387857600 -5.000000
1387861200 -6.000000
1387864800 -8.000000
1387868400 -9.000000
1387872000 -11.000000
1387875600 -12.000000
1387879200 -12.000000
1387882800 -12.000000
1387886400 -12.000000
1387890000 -9.000000
1387893600 -6.000000
1387897200 -3.000000
1387900800 0.000000
1387904400 2.000000
1387908000 5.000000
1387911600 7.000000
1387915200 8.000000
1387918800 10.000000
1387922400 11.000000
1387926000 11.000000
1387929600 12.000000
1387933200 11.000000
1387936800 11.000000
1387940400 10.000000
1387944000 11.000000
1387947600 13.000000
1387951200 14.000000
1387954800 15.000000
1387958400 15.000000
1387962000 16.000000
1387965600 17.000000
1387969200 18.000000
1387972800 19.000000
1387976400 19.000000
1387980000 18.000000
1387983600 18.000000
1387987200 20.000000
1387990800 23.000000
1387994400 25.000000
1387998000 24.000000
1388001600 22.000000
1388005200 21.000000
1388008800 19.000000
1388012400 18.000000
1388016000 16.000000
1388019600 22.000000
1388023200 28.000000
1388026800 34.000000
1388030400 26.000000
1388034000 17.000000
1388037600 9.000000
1388041200 6.000000
1388044800 3.000000
1388048400 0.000000
1388052000 2.000000
1388055600 3.000000
1388059200 5.000000
1388062800 2.000000
1388066400 0.000000
1388070000 -3.000000
1388073600 0.000000
1388077200 2.000000
1388080800 5.000000
1388084400 3.000000
1388088000 2.000000
1388091600 0.000000
1388095200 0.000000
1388098800 1.000000
1388102400 1.000000
1388106000 2.000000
1388109600 4.000000
1388113200 5.000000
1388116800 6.000000
1388120400 6.000000
1388124000 7.000000
1388127600 1.000000
1388131200 -4.000000
1388134800 -10.000000
1388138400 -6.000000
1388142000 -2.000000
1388145600 1.000000
1388149200 2.000000
1388152800 2.000000
1388156400 3.000000
1388160000 5.000000
1388163600 8.000000
1388167200 10.000000
1388170800 11.000000
1388174400 13.000000
1388178000 14.000000
1388181600 15.000000
1388185200 15.000000
1388188800 16.000000
1388192400 14.000000
1388196000 11.000000
1388199600 9.000000
1388203200 12.000000
1388206800 15.000000
1388210400 18.000000
1388214000 17.000000
1388217600 17.000000
1388221200 16.000000
1388224800 15.000000
1388228400 15.000000
1388232000 14.000000
1388235600 16.000000
1388239200 17.000000
1388242800 19.000000
1388246400 20.000000
1388250000 22.000000
1388253600 23.000000
1388257200 23.000000
1388260800 23.000000
1388264400 23.000000
1388268000 22.000000
1388271600 22.000000
1388275200 21.000000
1388278800 21.000000
1388282400 21.000000
1388286000 21.000000
1388289600 20.000000
1388293200 20.000000
1388296800 19.000000
1388300400 16.000000
1388304000 13.000000
1388307600 10.000000
1388311200 11.000000
1388314800 13.000000
1388318400 14.000000
1388322000 15.000000
1388325600 15.000000
1388329200 16.000000
1388332800 17.000000
1388336400 17.000000
1388340000 18.000000
1388343600 17.000000
1388347200 15.000000
1388350800 14.000000
1388354400 13.000000
1388358000 11.000000
1388361600 10.000000
1388365200 11.000000
1388368800 13.000000
1388372400 14.000000
1388376000 13.000000
1388379600 13.000000
1388383200 12.000000
1388386800 9.000000
1388390400 6.000000
1388394000 3.000000
1388397600 2.000000
1388401200 2.000000
1388404800 1.000000
1388408400 2.000000
1388412000 4.000000
1388415600 5.000000
1388419200 6.000000
1388422800 8.000000
1388426400 9.000000
1388430000 8.000000
1388433600 8.000000
1388437200 7.000000
1388440800 7.000000
1388444400 7.000000
1388448000 7.000000
1388451600 7.000000
1388455200 7.000000
1388458800 7.000000
1388462400 7.000000
1388466000 7.000000
1388469600 7.000000
1388473200 6.000000
1388476800 6.000000
1388480400 5.000000
1388484000 5.000000
1388487600 5.000000
1388491200 5.000000
1388494800 6.000000
1388498400 6.000000
1388502000 7.000000
1388505600 8.000000
1388509200 8.000000
1388512800 9.000000
1388516400 8.000000
1388520000 8.000000
1388523600 7.000000
1388527200 6.000000
1388530800 4.000000
1388534400 3.000000
1388538000 2.000000
1388541600 2.000000
1388545200 1.000000
1388548800 1.000000
