1388689200 -2.000000
1388692800 -2.000000
1388696400 -1.000000
1388700000 -2.000000
1388703600 -4.000000
1388707200 -5.000000
1388710800 -6.000000
1388714400 -6.000000
1388718000 -7.000000
1388721600 -8.000000
1388725200 -9.000000
1388728800 -10.000000
1388732400 -10.000000
1388736000 -10.000000
1388739600 -10.000000
1388743200 -8.000000
1388746800 -5.000000
1388750400 -3.000000
1388754000 -1.000000
1388757600 0.000000
1388761200 1.000000
1388764800 5.000000
1388768400 8.000000
1388772000 12.000000
1388775600 12.000000
1388779200 12.000000
1388782800 12.000000
1388786400 14.000000
1388790000 17.000000
1388793600 19.000000
1388797200 23.000000
1388800800 26.000000
1388804400 30.000000
1388808000 26.000000
1388811600 23.000000
1388815200 19.000000
1388818800 21.000000
1388822400 23.000000
1388826000 25.000000
1388829600 24.000000
1388833200 22.000000
1388836800 21.000000
1388840400 19.000000
1388844000 16.000000
1388847600 14.000000
1388851200 16.000000
1388854800 17.000000
1388858400 19.000000
1388862000 17.000000
1388865600 14.000000
1388869200 12.000000
1388872800 11.000000
1388876400 10.000000
1388880000 9.000000
1388883600 6.000000
1388887200 4.000000
1388890800 1.000000
1388894400 1.000000
1388898000 0.000000
1388901600 0.000000
1388905200 -2.000000
1388908800 -4.000000
1388912400 -7.000000
1388916000 -7.000000
1388919600 -8.000000
1388923200 -8.000000
1388926800 -9.000000
1388930400 -9.000000
1388934000 -10.000000
1388937600 -8.000000
1388941200 -7.000000
1388944800 -5.000000
1388948400 -4.000000
1388952000 -2.000000
1388955600 -1.000000
1388959200 -6.000000
1388962800 -12.000000
1388966400 -17.000000
1388970000 -17.000000
1388973600 -16.000000
1388977200 -16.000000
1388980800 -15.000000
1388984400 -15.000000
1388988000 -14.000000
1388991600 -15.000000
1388995200 -16.000000
1388998800 -17.000000
1389002400 -18.000000
1389006000 -18.000000
1389009600 -19.000000
1389013200 -17.000000
1389016800 -16.000000
1389020400 -14.000000
1389024000 -13.000000
1389027600 -13.000000
1389031200 -12.000000
1389034800 -12.000000
1389038400 -12.000000
1389042000 -12.000000
1389045600 -13.000000
1389049200 -13.000000
1389052800 -14.000000
1389056400 -13.000000
1389060000 -13.000000
1389063600 -12.000000
1389067200 -13.000000
1389070800 -15.000000
1389074400 -16.000000
1389078000 -18.000000
1389081600 -21.000000
1389085200 -23.000000
1389088800 -21.000000
1389092400 -19.000000
1389096000 -17.000000
1389099600 -15.000000
1389103200 -12.000000
1389106800 -10.000000
1389110400 -8.000000
1389114000 -7.000000
1389117600 -5.000000
1389121200 -3.000000
1389124800 -1.000000
1389128400 0.000000
1389132000 1.000000
1389135600 2.000000
1389139200 3.000000
1389142800 3.000000
1389146400 3.000000
1389150000 3.000000
1389153600 2.000000
1389157200 2.000000
1389160800 1.000000
1389164400 0.000000
1389168000 0.000000
1389171600 -1.000000
1389175200 -1.000000
1389178800 -1.000000
1389182400 -1.000000
1389186000 0.000000
1389189600 1.000000
1389193200 3.000000
1389196800 5.000000
1389200400 8.000000
1389204000 10.000000
1389207600 11.000000
1389211200 11.000000
1389214800 12.000000
1389218400 13.000000
1389222000 13.000000
1389225600 14.000000
1389229200 13.000000
1389232800 13.000000
1389236400 12.000000
1389240000 12.000000
1389243600 12.000000
1389247200 12.000000
1389250800 11.000000
1389254400 10.000000
1389258000 9.000000
1389261600 9.000000
1389265200 9.000000
1389268800 9.000000
1389272400 9.000000
1389276000 10.000000
1389279600 10.000000
1389283200 12.000000
1389286800 14.000000
1389290400 16.000000
1389294000 15.000000
1389297600 15.000000
1389301200 14.000000
1389304800 14.000000
1389308400 14.000000
1389312000 14.000000
1389315600 14.000000
1389319200 14.000000
1389322800 14.000000
1389326400 13.000000
1389330000 13.000000
1389333600 12.000000
1389337200 12.000000
1389340800 12.000000
1389344400 12.000000
1389348000 12.000000
1389351600 12.000000
1389355200 12.000000
1389358800 13.000000
1389362400 15.000000
1389366000 16.000000
1389369600 17.000000
1389373200 18.000000
1389376800 19.000000
1389380400 19.000000
1389384000 19.000000
1389387600 19.000000
1389391200 19.000000
1389394800 19.000000
1389398400 19.000000
1389402000 19.000000
1389405600 19.000000
1389409200 19.000000
1389412800 19.000000
1389416400 18.000000
1389420000 18.000000
1389423600 18.000000
1389427200 18.000000
1389430800 18.000000
1389434400 17.000000
1389438000 17.000000
1389441600 16.000000
1389445200 17.000000
1389448800 18.000000
1389452400 19.000000
1389456000 20.000000
1389459600 20.000000
1389463200 21.000000
1389466800 21.000000
1389470400 21.000000
1389474000 21.000000
1389477600 20.000000
1389481200 20.000000
1389484800 19.000000
1389488400 19.000000
1389492000 18.000000
1389495600 18.000000
1389499200 17.000000
1389502800 17.000000
1389506400 16.000000
1389510000 16.000000
1389513600 16.000000
1389517200 16.000000
1389520800 15.000000
1389524400 15.000000
1389528000 14.000000
1389531600 16.000000
1389535200 17.000000
1389538800 19.000000
1389542400 20.000000
1389546000 22.000000
1389549600 23.000000
