1394776800 39.000000
1394780400 38.000000
1394784000 37.000000
1394787600 36.000000
1394791200 35.000000
1394794800 33.000000
1394798400 32.000000
1394802000 34.000000
1394805600 35.000000
1394809200 37.000000
1394812800 38.000000
1394816400 38.000000
1394820000 39.000000
1394823600 40.000000
1394827200 40.000000
1394830800 41.000000
1394834400 39.000000
1394838000 38.000000
1394841600 36.000000
1394845200 34.000000
1394848800 32.000000
1394852400 30.000000
1394856000 28.000000
1394859600 27.000000
1394863200 25.000000
1394866800 24.000000
1394870400 22.000000
1394874000 21.000000
1394877600 20.000000
1394881200 20.000000
1394884800 19.000000
1394888400 20.000000
1394892000 22.000000
1394895600 23.000000
1394899200 24.000000
1394902800 26.000000
1394906400 27.000000
1394910000 28.000000
1394913600 29.000000
1394917200 30.000000
1394920800 29.000000
1394924400 28.000000
1394928000 27.000000
1394931600 26.000000
1394935200 26.000000
1394938800 25.000000
1394942400 22.000000
1394946000 19.000000
1394949600 16.000000
1394953200 14.000000
1394956800 11.000000
1394960400 9.000000
1394964000 8.000000
1394967600 6.000000
1394971200 5.000000
1394974800 8.000000
1394978400 11.000000
1394982000 14.000000
1394985600 15.000000
1394989200 17.000000
1394992800 18.000000
1394996400 20.000000
1395000000 21.000000
1395003600 23.000000
1395007200 24.000000
1395010800 24.000000
1395014400 25.000000
1395018000 23.000000
1395021600 20.000000
1395025200 18.000000
1395028800 19.000000
1395032400 20.000000
1395036000 21.000000
1395039600 20.000000
1395043200 19.000000
1395046800 18.000000
1395050400 19.000000
1395054000 20.000000
1395057600 21.000000
1395061200 23.000000
1395064800 25.000000
1395068400 27.000000
1395072000 28.000000
1395075600 29.000000
1395079200 30.000000
1395082800 31.000000
1395086400 33.000000
1395090000 34.000000
1395093600 35.000000
1395097200 35.000000
1395100800 36.000000
1395104400 36.000000
1395108000 36.000000
1395111600 36.000000
1395115200 36.000000
1395118800 36.000000
1395122400 36.000000
1395126000 32.000000
1395129600 27.000000
1395133200 23.000000
1395136800 27.000000
1395140400 30.000000
1395144000 34.000000
1395147600 33.000000
1395151200 31.000000
1395154800 30.000000
1395158400 32.000000
1395162000 34.000000
1395165600 36.000000
1395169200 36.000000
1395172800 37.000000
1395176400 37.000000
1395180000 37.000000
1395183600 36.000000
1395187200 36.000000
1395190800 38.000000
1395194400 39.000000
1395198000 41.000000
1395201600 40.000000
1395205200 38.000000
1395208800 37.000000
1395212400 32.000000
1395216000 28.000000
1395219600 23.000000
1395223200 28.000000
1395226800 32.000000
1395230400 37.000000
1395234000 36.000000
1395237600 35.000000
1395241200 34.000000
1395244800 34.000000
1395248400 34.000000
1395252000 34.000000
1395255600 36.000000
1395259200 37.000000
1395262800 39.000000
1395266400 37.000000
1395270000 34.000000
1395273600 32.000000
1395277200 33.000000
1395280800 33.000000
1395284400 34.000000
1395288000 33.000000
1395291600 31.000000
1395295200 30.000000
1395298800 25.000000
1395302400 21.000000
1395306000 16.000000
1395309600 16.000000
1395313200 16.000000
1395316800 16.000000
1395320400 20.000000
1395324000 23.000000
1395327600 27.000000
1395331200 28.000000
1395334800 29.000000
1395338400 30.000000
1395342000 32.000000
1395345600 35.000000
1395349200 37.000000
1395352800 36.000000
1395356400 35.000000
1395360000 34.000000
1395363600 32.000000
1395367200 30.000000
1395370800 28.000000
1395374400 26.000000
1395378000 25.000000
1395381600 23.000000
1395385200 19.000000
1395388800 16.000000
1395392400 12.000000
1395396000 15.000000
1395399600 18.000000
1395403200 21.000000
1395406800 23.000000
1395410400 26.000000
1395414000 28.000000
1395417600 34.000000
1395421200 39.000000
1395424800 45.000000
1395428400 45.000000
1395432000 46.000000
1395435600 46.000000
1395439200 45.000000
1395442800 44.000000
1395446400 43.000000
1395450000 43.000000
1395453600 43.000000
1395457200 43.000000
1395460800 43.000000
1395464400 43.000000
1395468000 43.000000
1395471600 38.000000
1395475200 32.000000
1395478800 27.000000
1395482400 27.000000
1395486000 27.000000
1395489600 27.000000
1395493200 28.000000
1395496800 29.000000
1395500400 30.000000
1395504000 35.000000
1395507600 41.000000
1395511200 46.000000
1395514800 47.000000
1395518400 47.000000
1395522000 48.000000
1395525600 47.000000
1395529200 47.000000
1395532800 46.000000
1395536400 45.000000
1395540000 44.000000
1395543600 43.000000
1395547200 44.000000
1395550800 45.000000
1395554400 46.000000
1395558000 39.000000
1395561600 32.000000
1395565200 25.000000
1395568800 24.000000
1395572400 22.000000
1395576000 21.000000
1395579600 22.000000
1395583200 24.000000
1395586800 25.000000
1395590400 26.000000
1395594000 26.000000
1395597600 27.000000
1395601200 30.000000
1395604800 34.000000
1395608400 37.000000
1395612000 37.000000
1395615600 36.000000
1395619200 36.000000
1395622800 35.000000
1395626400 33.000000
1395630000 32.000000
1395633600 28.000000
1395637200 23.000000
