1393038000 10.000000
1393041600 10.000000
1393045200 10.000000
1393048800 10.000000
1393052400 8.000000
1393056000 7.000000
1393059600 5.000000
1393063200 4.000000
1393066800 2.000000
1393070400 1.000000
1393074000 2.000000
1393077600 4.000000
1393081200 5.000000
1393084800 7.000000
1393088400 10.000000
1393092000 12.000000
1393095600 12.000000
1393099200 12.000000
1393102800 12.000000
1393106400 11.000000
1393110000 11.000000
1393113600 10.000000
1393117200 9.000000
1393120800 8.000000
1393124400 7.000000
1393128000 6.000000
1393131600 4.000000
1393135200 3.000000
1393138800 2.000000
1393142400 2.000000
1393146000 1.000000
1393149600 1.000000
1393153200 0.000000
1393156800 0.000000
1393160400 1.000000
1393164000 2.000000
1393167600 3.000000
1393171200 5.000000
1393174800 7.000000
1393178400 9.000000
1393182000 10.000000
1393185600 11.000000
1393189200 12.000000
1393192800 11.000000
1393196400 10.000000
1393200000 9.000000
1393203600 8.000000
1393207200 6.000000
1393210800 5.000000
1393214400 4.000000
1393218000 2.000000
1393221600 1.000000
1393225200 0.000000
1393228800 0.000000
1393232400 -1.000000
1393236000 -2.000000
1393239600 -2.000000
1393243200 -3.000000
1393246800 -1.000000
1393250400 1.000000
1393254000 3.000000
1393257600 5.000000
1393261200 7.000000
1393264800 9.000000
1393268400 11.000000
1393272000 12.000000
1393275600 14.000000
1393279200 12.000000
1393282800 11.000000
1393286400 9.000000
1393290000 7.000000
1393293600 5.000000
1393297200 3.000000
1393300800 2.000000
1393304400 2.000000
1393308000 1.000000
1393311600 -2.000000
1393315200 -6.000000
1393318800 -10.000000
1393322400 -9.000000
1393326000 -8.000000
1393329600 -7.000000
1393333200 -4.000000
1393336800 -1.000000
1393340400 1.000000
1393344000 3.000000
1393347600 5.000000
1393351200 7.000000
1393354800 7.000000
1393358400 7.000000
1393362000 7.000000
1393365600 7.000000
1393369200 7.000000
1393372800 7.000000
1393376400 4.000000
1393380000 1.000000
1393383600 -1.000000
1393387200 0.000000
1393390800 0.000000
1393394400 0.000000
1393398000 -5.000000
1393401600 -11.000000
1393405200 -17.000000
1393408800 -13.000000
1393412400 -9.000000
1393416000 -5.000000
1393419600 -6.000000
1393423200 -6.000000
1393426800 -7.000000
1393430400 -2.000000
1393434000 2.000000
1393437600 7.000000
1393441200 9.000000
1393444800 10.000000
1393448400 12.000000
1393452000 9.000000
1393455600 6.000000
1393459200 3.000000
1393462800 2.000000
1393466400 1.000000
1393470000 0.000000
1393473600 -1.000000
1393477200 -3.000000
1393480800 -5.000000
1393484400 -5.000000
1393488000 -5.000000
1393491600 -5.000000
1393495200 -7.000000
1393498800 -8.000000
1393502400 -10.000000
1393506000 -9.000000
1393509600 -9.000000
1393513200 -8.000000
1393516800 -6.000000
1393520400 -3.000000
1393524000 -1.000000
1393527600 0.000000
1393531200 0.000000
1393534800 1.000000
1393538400 1.000000
1393542000 0.000000
1393545600 0.000000
1393549200 0.000000
1393552800 0.000000
1393556400 0.000000
1393560000 0.000000
1393563600 -2.000000
1393567200 -3.000000
1393570800 -7.000000
1393574400 -10.000000
1393578000 -14.000000
1393581600 -11.000000
1393585200 -8.000000
1393588800 -5.000000
1393592400 -3.000000
1393596000 -1.000000
1393599600 0.000000
1393603200 3.000000
1393606800 6.000000
1393610400 9.000000
1393614000 10.000000
1393617600 11.000000
1393621200 12.000000
1393624800 11.000000
1393628400 11.000000
1393632000 10.000000
1393635600 8.000000
1393639200 7.000000
1393642800 5.000000
1393646400 4.000000
1393650000 4.000000
1393653600 3.000000
1393657200 1.000000
1393660800 0.000000
1393664400 -1.000000
1393668000 -6.000000
1393671600 -11.000000
1393675200 -16.000000
1393678800 -13.000000
1393682400 -10.000000
1393686000 -7.000000
1393689600 -4.000000
1393693200 -1.000000
1393696800 1.000000
1393700400 1.000000
1393704000 1.000000
1393707600 1.000000
1393711200 2.000000
1393714800 2.000000
1393718400 3.000000
1393722000 2.000000
1393725600 2.000000
1393729200 1.000000
1393732800 0.000000
1393736400 -1.000000
1393740000 -3.000000
1393743600 -3.000000
1393747200 -3.000000
1393750800 -3.000000
1393754400 -3.000000
1393758000 -3.000000
1393761600 -3.000000
1393765200 -1.000000
1393768800 0.000000
1393772400 1.000000
1393776000 4.000000
1393779600 6.000000
1393783200 9.000000
1393786800 11.000000
1393790400 12.000000
1393794000 14.000000
1393797600 14.000000
1393801200 14.000000
1393804800 14.000000
1393808400 13.000000
1393812000 13.000000
1393815600 12.000000
1393819200 10.000000
1393822800 9.000000
1393826400 7.000000
1393830000 6.000000
1393833600 4.000000
1393837200 3.000000
1393840800 2.000000
1393844400 2.000000
1393848000 1.000000
1393851600 3.000000
1393855200 5.000000
1393858800 7.000000
1393862400 9.000000
1393866000 12.000000
1393869600 14.000000
1393873200 13.000000
1393876800 13.000000
1393880400 12.000000
1393884000 11.000000
1393887600 11.000000
1393891200 10.000000
1393894800 10.000000
1393898400 9.000000
