1387472400 15.000000
1387476000 16.000000
1387479600 17.000000
1387483200 17.000000
1387486800 18.000000
1387490400 17.000000
1387494000 15.000000
1387497600 14.000000
1387501200 14.000000
1387504800 14.000000
1387508400 14.000000
1387512000 13.000000
1387515600 11.000000
1387519200 10.000000
1387522800 11.000000
1387526400 11.000000
1387530000 12.000000
1387533600 11.000000
1387537200 11.000000
1387540800 10.000000
1387544400 11.000000
1387548000 11.000000
1387551600 12.000000
1387555200 13.000000
1387558800 13.000000
1387562400 14.000000
1387566000 16.000000
1387569600 17.000000
1387573200 19.000000
1387576800 16.000000
1387580400 12.000000
1387584000 9.000000
1387587600 9.000000
1387591200 10.000000
1387594800 10.000000
1387598400 9.000000
1387602000 8.000000
1387605600 7.000000
1387609200 9.000000
1387612800 12.000000
1387616400 14.000000
1387620000 12.000000
1387623600 9.000000
1387627200 7.000000
1387630800 9.000000
1387634400 10.000000
1387638000 12.000000
1387641600 11.000000
1387645200 10.000000
1387648800 9.000000
1387652400 11.000000
1387656000 12.000000
1387659600 14.000000
1387663200 15.000000
1387666800 15.000000
1387670400 16.000000
1387674000 15.000000
1387677600 15.000000
1387681200 14.000000
1387684800 13.000000
1387688400 11.000000
1387692000 10.000000
1387695600 8.000000
1387699200 5.000000
1387702800 3.000000
1387706400 5.000000
1387710000 8.000000
1387713600 10.000000
1387717200 6.000000
1387720800 2.000000
1387724400 -1.000000
1387728000 3.000000
1387731600 9.000000
1387735200 14.000000
1387738800 9.000000
1387742400 5.000000
1387746000 0.000000
1387749600 2.000000
1387753200 3.000000
1387756800 5.000000
1387760400 1.000000
1387764000 -1.000000
1387767600 -5.000000
1387771200 -4.000000
1387774800 -4.000000
1387778400 -3.000000
1387782000 -4.000000
1387785600 -4.000000
1387789200 -5.000000
1387792800 -5.000000
1387796400 -5.000000
1387800000 -5.000000
1387803600 -6.000000
1387807200 -6.000000
1387810800 -7.000000
1387814400 -4.000000
1387818000 -1.000000
1387821600 1.000000
1387825200 1.000000
1387828800 1.000000
1387832400 1.000000
1387836000 1.000000
1387839600 1.000000
1387843200 1.000000
1387846800 1.000000
1387850400 1.000000
1387854000 1.000000
1387857600 -1.000000
1387861200 -4.000000
1387864800 -7.000000
1387868400 -4.000000
1387872000 -2.000000
1387875600 0.000000
1387879200 0.000000
1387882800 1.000000
1387886400 1.000000
1387890000 2.000000
1387893600 4.000000
1387897200 5.000000
1387900800 7.000000
1387904400 10.000000
1387908000 12.000000
1387911600 10.000000
1387915200 7.000000
1387918800 5.000000
1387922400 9.000000
1387926000 14.000000
1387929600 18.000000
1387933200 17.000000
1387936800 17.000000
1387940400 16.000000
1387944000 17.000000
1387947600 17.000000
1387951200 18.000000
1387954800 17.000000
1387958400 17.000000
1387962000 16.000000
1387965600 14.000000
1387969200 12.000000
1387972800 10.000000
1387976400 11.000000
1387980000 13.000000
1387983600 14.000000
1387987200 16.000000
1387990800 19.000000
1387994400 21.000000
1387998000 19.000000
1388001600 18.000000
1388005200 16.000000
1388008800 14.000000
1388012400 11.000000
1388016000 9.000000
1388019600 8.000000
1388023200 6.000000
1388026800 5.000000
1388030400 7.000000
1388034000 10.000000
1388037600 12.000000
1388041200 11.000000
1388044800 11.000000
1388048400 10.000000
1388052000 7.000000
1388055600 4.000000
1388059200 1.000000
1388062800 2.000000
1388066400 4.000000
1388070000 5.000000
1388073600 6.000000
1388077200 6.000000
1388080800 7.000000
1388084400 6.000000
1388088000 6.000000
1388091600 5.000000
1388095200 4.000000
1388098800 4.000000
1388102400 3.000000
1388106000 5.000000
1388109600 8.000000
1388113200 10.000000
1388116800 11.000000
1388120400 11.000000
1388124000 12.000000
1388127600 14.000000
1388131200 17.000000
1388134800 19.000000
1388138400 14.000000
1388142000 10.000000
1388145600 5.000000
1388149200 10.000000
1388152800 14.000000
1388156400 19.000000
1388160000 16.000000
1388163600 13.000000
1388167200 10.000000
1388170800 11.000000
1388174400 13.000000
1388178000 14.000000
1388181600 13.000000
1388185200 11.000000
1388188800 10.000000
1388192400 8.000000
1388196000 7.000000
1388199600 5.000000
1388203200 6.000000
1388206800 8.000000
1388210400 9.000000
1388214000 11.000000
1388217600 12.000000
1388221200 14.000000
1388224800 13.000000
1388228400 13.000000
1388232000 12.000000
1388235600 10.000000
1388239200 9.000000
1388242800 7.000000
1388246400 11.000000
1388250000 14.000000
1388253600 18.000000
1388257200 17.000000
1388260800 15.000000
1388264400 14.000000
1388268000 14.000000
1388271600 14.000000
1388275200 14.000000
1388278800 12.000000
1388282400 9.000000
1388286000 7.000000
1388289600 8.000000
1388293200 9.000000
1388296800 10.000000
1388300400 10.000000
1388304000 9.000000
1388307600 9.000000
1388311200 11.000000
1388314800 12.000000
1388318400 14.000000
1388322000 12.000000
1388325600 9.000000
1388329200 7.000000
1388332800 9.000000
