1394949600 14.000000
1394953200 12.000000
1394956800 11.000000
1394960400 9.000000
1394964000 7.000000
1394967600 5.000000
1394971200 3.000000
1394974800 5.000000
1394978400 8.000000
1394982000 10.000000
1394985600 14.000000
1394989200 17.000000
1394992800 21.000000
1394996400 22.000000
1395000000 24.000000
1395003600 25.000000
1395007200 24.000000
1395010800 22.000000
1395014400 21.000000
1395018000 22.000000
1395021600 24.000000
1395025200 25.000000
1395028800 23.000000
1395032400 20.000000
1395036000 18.000000
1395039600 18.000000
1395043200 18.000000
1395046800 18.000000
1395050400 20.000000
1395054000 23.000000
1395057600 25.000000
1395061200 26.000000
1395064800 27.000000
1395068400 28.000000
1395072000 29.000000
1395075600 29.000000
1395079200 30.000000
1395082800 31.000000
1395086400 33.000000
1395090000 34.000000
1395093600 35.000000
1395097200 35.000000
1395100800 36.000000
1395104400 36.000000
1395108000 36.000000
1395111600 36.000000
1395115200 36.000000
1395118800 36.000000
1395122400 36.000000
1395126000 34.000000
1395129600 32.000000
1395133200 30.000000
1395136800 31.000000
1395140400 33.000000
1395144000 34.000000
1395147600 36.000000
1395151200 37.000000
1395154800 39.000000
1395158400 39.000000
1395162000 39.000000
1395165600 39.000000
1395169200 39.000000
1395172800 39.000000
1395176400 39.000000
1395180000 38.000000
1395183600 37.000000
1395187200 36.000000
1395190800 38.000000
1395194400 39.000000
1395198000 41.000000
1395201600 40.000000
1395205200 38.000000
1395208800 37.000000
1395212400 34.000000
1395216000 31.000000
1395219600 28.000000
1395223200 29.000000
1395226800 31.000000
1395230400 32.000000
1395234000 32.000000
1395237600 32.000000
1395241200 32.000000
1395244800 33.000000
1395248400 35.000000
1395252000 36.000000
1395255600 36.000000
1395259200 37.000000
1395262800 37.000000
1395266400 36.000000
1395270000 35.000000
1395273600 34.000000
1395277200 33.000000
1395280800 31.000000
1395284400 30.000000
1395288000 28.000000
1395291600 27.000000
1395295200 25.000000
1395298800 24.000000
1395302400 24.000000
1395306000 23.000000
1395309600 22.000000
1395313200 22.000000
1395316800 21.000000
1395320400 25.000000
1395324000 28.000000
1395327600 32.000000
1395331200 34.000000
1395334800 37.000000
1395338400 39.000000
1395342000 39.000000
1395345600 39.000000
1395349200 39.000000
1395352800 38.000000
1395356400 37.000000
1395360000 36.000000
1395363600 36.000000
1395367200 37.000000
1395370800 37.000000
1395374400 37.000000
1395378000 37.000000
1395381600 37.000000
1395385200 34.000000
1395388800 31.000000
1395392400 28.000000
1395396000 30.000000
1395399600 32.000000
1395403200 34.000000
1395406800 36.000000
1395410400 37.000000
1395414000 39.000000
1395417600 40.000000
1395421200 42.000000
1395424800 43.000000
1395428400 44.000000
1395432000 45.000000
1395435600 46.000000
1395439200 43.000000
1395442800 40.000000
1395446400 37.000000
1395450000 37.000000
1395453600 37.000000
1395457200 37.000000
1395460800 36.000000
1395464400 35.000000
1395468000 34.000000
1395471600 32.000000
1395475200 30.000000
1395478800 28.000000
1395482400 27.000000
1395486000 26.000000
1395489600 25.000000
1395493200 27.000000
1395496800 28.000000
1395500400 30.000000
1395504000 29.000000
1395507600 28.000000
1395511200 27.000000
1395514800 30.000000
1395518400 34.000000
1395522000 37.000000
1395525600 34.000000
1395529200 30.000000
1395532800 27.000000
1395536400 29.000000
1395540000 30.000000
1395543600 32.000000
1395547200 30.000000
1395550800 29.000000
1395554400 27.000000
1395558000 27.000000
1395561600 27.000000
1395565200 27.000000
1395568800 25.000000
1395572400 23.000000
1395576000 21.000000
1395579600 26.000000
1395583200 31.000000
1395586800 36.000000
1395590400 38.000000
1395594000 39.000000
1395597600 41.000000
1395601200 41.000000
1395604800 41.000000
1395608400 41.000000
1395612000 39.000000
1395615600 38.000000
1395619200 36.000000
1395622800 35.000000
1395626400 35.000000
1395630000 34.000000
1395633600 35.000000
1395637200 35.000000
1395640800 36.000000
1395644400 30.000000
1395648000 25.000000
1395651600 19.000000
1395655200 23.000000
1395658800 28.000000
1395662400 32.000000
1395666000 33.000000
1395669600 35.000000
1395673200 36.000000
1395676800 38.000000
1395680400 39.000000
1395684000 41.000000
1395687600 42.000000
1395691200 44.000000
1395694800 45.000000
1395698400 44.000000
1395702000 42.000000
1395705600 41.000000
1395709200 40.000000
1395712800 38.000000
1395716400 37.000000
1395720000 38.000000
1395723600 38.000000
1395727200 39.000000
1395730800 32.000000
1395734400 25.000000
1395738000 18.000000
1395741600 17.000000
1395745200 17.000000
1395748800 16.000000
1395752400 18.000000
1395756000 19.000000
1395759600 21.000000
1395763200 23.000000
1395766800 26.000000
1395770400 28.000000
1395774000 32.000000
1395777600 37.000000
1395781200 41.000000
1395784800 40.000000
1395788400 40.000000
1395792000 39.000000
1395795600 38.000000
1395799200 37.000000
1395802800 36.000000
1395806400 31.000000
1395810000 26.000000
