1389715200 20.000000
1389718800 20.000000
1389722400 19.000000
1389726000 19.000000
1389729600 19.000000
1389733200 19.000000
1389736800 17.000000
1389740400 16.000000
1389744000 14.000000
1389747600 13.000000
1389751200 13.000000
1389754800 12.000000
1389758400 11.000000
1389762000 10.000000
1389765600 9.000000
1389769200 9.000000
1389772800 9.000000
1389776400 9.000000
1389780000 8.000000
1389783600 6.000000
1389787200 5.000000
1389790800 5.000000
1389794400 5.000000
1389798000 5.000000
1389801600 7.000000
1389805200 10.000000
1389808800 12.000000
1389812400 14.000000
1389816000 16.000000
1389819600 18.000000
1389823200 18.000000
1389826800 18.000000
1389830400 18.000000
1389834000 20.000000
1389837600 23.000000
1389841200 25.000000
1389844800 26.000000
1389848400 26.000000
1389852000 27.000000
1389855600 29.000000
1389859200 30.000000
1389862800 32.000000
1389866400 32.000000
1389870000 32.000000
1389873600 32.000000
1389877200 30.000000
1389880800 29.000000
1389884400 27.000000
1389888000 29.000000
1389891600 30.000000
1389895200 32.000000
1389898800 30.000000
1389902400 29.000000
1389906000 27.000000
1389909600 22.000000
1389913200 17.000000
1389916800 12.000000
1389920400 11.000000
1389924000 11.000000
1389927600 10.000000
1389931200 10.000000
1389934800 9.000000
1389938400 9.000000
1389942000 6.000000
1389945600 3.000000
1389949200 0.000000
1389952800 2.000000
1389956400 3.000000
1389960000 5.000000
1389963600 5.000000
1389967200 5.000000
1389970800 5.000000
1389974400 6.000000
1389978000 6.000000
1389981600 7.000000
1389985200 8.000000
1389988800 9.000000
1389992400 10.000000
1389996000 13.000000
1389999600 16.000000
1390003200 19.000000
1390006800 19.000000
1390010400 19.000000
1390014000 19.000000
1390017600 17.000000
1390021200 14.000000
1390024800 12.000000
1390028400 13.000000
1390032000 13.000000
1390035600 14.000000
1390039200 13.000000
1390042800 11.000000
1390046400 10.000000
1390050000 11.000000
1390053600 13.000000
1390057200 14.000000
1390060800 15.000000
1390064400 17.000000
1390068000 18.000000
1390071600 17.000000
1390075200 17.000000
1390078800 16.000000
1390082400 15.000000
1390086000 13.000000
1390089600 12.000000
1390093200 10.000000
1390096800 9.000000
1390100400 7.000000
1390104000 8.000000
1390107600 8.000000
1390111200 9.000000
1390114800 12.000000
1390118400 15.000000
1390122000 18.000000
1390125600 20.000000
1390129200 21.000000
1390132800 23.000000
1390136400 21.000000
1390140000 20.000000
1390143600 18.000000
1390147200 20.000000
1390150800 21.000000
1390154400 23.000000
1390158000 25.000000
1390161600 26.000000
1390165200 28.000000
1390168800 29.000000
1390172400 29.000000
1390176000 30.000000
1390179600 29.000000
1390183200 28.000000
1390186800 27.000000
1390190400 24.000000
1390194000 21.000000
1390197600 18.000000
1390201200 19.000000
1390204800 20.000000
1390208400 21.000000
1390212000 22.000000
1390215600 22.000000
1390219200 23.000000
1390222800 21.000000
1390226400 20.000000
1390230000 18.000000
1390233600 19.000000
1390237200 20.000000
1390240800 21.000000
1390244400 22.000000
1390248000 22.000000
1390251600 23.000000
1390255200 22.000000
1390258800 20.000000
1390262400 19.000000
1390266000 18.000000
1390269600 17.000000
1390273200 16.000000
1390276800 17.000000
1390280400 18.000000
1390284000 19.000000
1390287600 18.000000
1390291200 17.000000
1390294800 16.000000
1390298400 15.000000
1390302000 15.000000
1390305600 14.000000
1390309200 15.000000
1390312800 15.000000
1390316400 16.000000
1390320000 17.000000
1390323600 17.000000
1390327200 18.000000
1390330800 17.000000
1390334400 17.000000
1390338000 16.000000
1390341600 15.000000
1390345200 15.000000
1390348800 14.000000
1390352400 13.000000
1390356000 11.000000
1390359600 10.000000
1390363200 10.000000
1390366800 9.000000
1390370400 9.000000
1390374000 9.000000
1390377600 9.000000
1390381200 9.000000
1390384800 9.000000
1390388400 9.000000
1390392000 9.000000
1390395600 11.000000
1390399200 12.000000
1390402800 14.000000
1390406400 16.000000
1390410000 17.000000
1390413600 19.000000
1390417200 19.000000
1390420800 18.000000
1390424400 18.000000
1390428000 17.000000
1390431600 17.000000
1390435200 16.000000
1390438800 16.000000
1390442400 16.000000
1390446000 16.000000
1390449600 15.000000
1390453200 15.000000
1390456800 14.000000
1390460400 14.000000
1390464000 14.000000
1390467600 14.000000
1390471200 13.000000
1390474800 13.000000
1390478400 12.000000
1390482000 14.000000
1390485600 16.000000
1390489200 18.000000
1390492800 19.000000
1390496400 20.000000
1390500000 21.000000
1390503600 20.000000
1390507200 20.000000
1390510800 19.000000
1390514400 18.000000
1390518000 17.000000
1390521600 16.000000
1390525200 16.000000
1390528800 16.000000
1390532400 16.000000
1390536000 15.000000
1390539600 15.000000
1390543200 14.000000
1390546800 13.000000
1390550400 13.000000
1390554000 12.000000
1390557600 12.000000
1390561200 12.000000
1390564800 12.000000
1390568400 13.000000
1390572000 13.000000
1390575600 14.000000
