1393999200 18.000000
1394002800 16.000000
1394006400 14.000000
1394010000 12.000000
1394013600 15.000000
1394017200 18.000000
1394020800 21.000000
1394024400 17.000000
1394028000 14.000000
1394031600 10.000000
1394035200 14.000000
1394038800 17.000000
1394042400 21.000000
1394046000 22.000000
1394049600 24.000000
1394053200 25.000000
1394056800 24.000000
1394060400 22.000000
1394064000 21.000000
1394067600 20.000000
1394071200 20.000000
1394074800 19.000000
1394078400 17.000000
1394082000 14.000000
1394085600 12.000000
1394089200 12.000000
1394092800 12.000000
1394096400 12.000000
1394100000 13.000000
1394103600 15.000000
1394107200 16.000000
1394110800 16.000000
1394114400 16.000000
1394118000 16.000000
1394121600 18.000000
1394125200 19.000000
1394128800 21.000000
1394132400 24.000000
1394136000 27.000000
1394139600 30.000000
1394143200 29.000000
1394146800 29.000000
1394150400 28.000000
1394154000 29.000000
1394157600 31.000000
1394161200 32.000000
1394164800 30.000000
1394168400 29.000000
1394172000 27.000000
1394175600 25.000000
1394179200 23.000000
1394182800 21.000000
1394186400 23.000000
1394190000 25.000000
1394193600 27.000000
1394197200 29.000000
1394200800 30.000000
1394204400 32.000000
1394208000 34.000000
1394211600 35.000000
1394215200 37.000000
1394218800 37.000000
1394222400 36.000000
1394226000 36.000000
1394229600 33.000000
1394233200 30.000000
1394236800 27.000000
1394240400 24.000000
1394244000 21.000000
1394247600 18.000000
1394251200 17.000000
1394254800 15.000000
1394258400 14.000000
1394262000 9.000000
1394265600 5.000000
1394269200 0.000000
1394272800 2.000000
1394276400 5.000000
1394280000 7.000000
1394283600 12.000000
1394287200 16.000000
1394290800 21.000000
1394294400 20.000000
1394298000 20.000000
1394301600 19.000000
1394305200 24.000000
1394308800 29.000000
1394312400 34.000000
1394316000 29.000000
1394319600 24.000000
1394323200 19.000000
1394326800 20.000000
1394330400 20.000000
1394334000 21.000000
1394337600 19.000000
1394341200 16.000000
1394344800 14.000000
1394348400 12.000000
1394352000 11.000000
1394355600 9.000000
1394359200 9.000000
1394362800 9.000000
1394366400 9.000000
1394370000 16.000000
1394373600 23.000000
1394377200 30.000000
1394380800 28.000000
1394384400 25.000000
1394388000 23.000000
1394391600 26.000000
1394395200 29.000000
1394398800 32.000000
1394402400 33.000000
1394406000 33.000000
1394409600 34.000000
1394413200 35.000000
1394416800 35.000000
1394420400 36.000000
1394424000 37.000000
1394427600 38.000000
1394431200 39.000000
1394434800 37.000000
1394438400 36.000000
1394442000 34.000000
1394445600 32.000000
1394449200 29.000000
1394452800 27.000000
1394456400 29.000000
1394460000 32.000000
1394463600 34.000000
1394467200 38.000000
1394470800 41.000000
1394474400 45.000000
1394478000 45.000000
1394481600 45.000000
1394485200 45.000000
1394488800 42.000000
1394492400 40.000000
1394496000 37.000000
1394499600 35.000000
1394503200 34.000000
1394506800 32.000000
1394510400 31.000000
1394514000 29.000000
1394517600 28.000000
1394521200 30.000000
1394524800 32.000000
1394528400 34.000000
1394532000 29.000000
1394535600 23.000000
1394539200 18.000000
1394542800 21.000000
1394546400 24.000000
1394550000 27.000000
1394553600 29.000000
1394557200 30.000000
1394560800 32.000000
1394564400 33.000000
1394568000 33.000000
1394571600 34.000000
1394575200 33.000000
1394578800 33.000000
1394582400 32.000000
1394586000 31.000000
1394589600 31.000000
1394593200 30.000000
1394596800 29.000000
1394600400 28.000000
1394604000 27.000000
1394607600 28.000000
1394611200 29.000000
1394614800 30.000000
1394618400 26.000000
1394622000 22.000000
1394625600 18.000000
1394629200 18.000000
1394632800 19.000000
1394636400 19.000000
1394640000 21.000000
1394643600 23.000000
1394647200 25.000000
1394650800 26.000000
1394654400 27.000000
1394658000 28.000000
1394661600 28.000000
1394665200 28.000000
1394668800 28.000000
1394672400 26.000000
1394676000 25.000000
1394679600 23.000000
1394683200 22.000000
1394686800 20.000000
1394690400 19.000000
1394694000 17.000000
1394697600 16.000000
1394701200 14.000000
1394704800 12.000000
1394708400 11.000000
1394712000 9.000000
1394715600 9.000000
1394719200 10.000000
1394722800 10.000000
1394726400 12.000000
1394730000 14.000000
1394733600 16.000000
1394737200 18.000000
1394740800 19.000000
1394744400 21.000000
1394748000 20.000000
1394751600 20.000000
1394755200 19.000000
1394758800 18.000000
1394762400 17.000000
1394766000 16.000000
1394769600 15.000000
1394773200 13.000000
1394776800 12.000000
1394780400 12.000000
1394784000 12.000000
1394787600 12.000000
1394791200 11.000000
1394794800 11.000000
1394798400 10.000000
1394802000 9.000000
1394805600 8.000000
1394809200 7.000000
1394812800 9.000000
1394816400 12.000000
1394820000 14.000000
1394823600 16.000000
1394827200 17.000000
1394830800 19.000000
1394834400 19.000000
1394838000 19.000000
1394841600 19.000000
1394845200 18.000000
1394848800 17.000000
1394852400 16.000000
1394856000 16.000000
1394859600 16.000000
