1387602000 13.000000
1387605600 12.000000
1387609200 11.000000
1387612800 11.000000
1387616400 10.000000
1387620000 10.000000
1387623600 9.000000
1387627200 9.000000
1387630800 11.000000
1387634400 12.000000
1387638000 14.000000
1387641600 13.000000
1387645200 13.000000
1387648800 12.000000
1387652400 15.000000
1387656000 18.000000
1387659600 21.000000
1387663200 20.000000
1387666800 19.000000
1387670400 18.000000
1387674000 18.000000
1387677600 18.000000
1387681200 18.000000
1387684800 16.000000
1387688400 14.000000
1387692000 12.000000
1387695600 12.000000
1387699200 12.000000
1387702800 12.000000
1387706400 15.000000
1387710000 18.000000
1387713600 21.000000
1387717200 18.000000
1387720800 15.000000
1387724400 12.000000
1387728000 13.000000
1387731600 13.000000
1387735200 14.000000
1387738800 15.000000
1387742400 15.000000
1387746000 16.000000
1387749600 14.000000
1387753200 12.000000
1387756800 10.000000
1387760400 10.000000
1387764000 9.000000
1387767600 9.000000
1387771200 8.000000
1387774800 8.000000
1387778400 7.000000
1387782000 5.000000
1387785600 3.000000
1387789200 1.000000
1387792800 1.000000
1387796400 0.000000
1387800000 0.000000
1387803600 0.000000
1387807200 0.000000
1387810800 0.000000
1387814400 0.000000
1387818000 1.000000
1387821600 1.000000
1387825200 0.000000
1387828800 0.000000
1387832400 -1.000000
1387836000 -2.000000
1387839600 -2.000000
1387843200 -3.000000
1387846800 -5.000000
1387850400 -6.000000
1387854000 -8.000000
1387857600 -6.000000
1387861200 -3.000000
1387864800 -1.000000
1387868400 -3.000000
1387872000 -6.000000
1387875600 -8.000000
1387879200 -9.000000
1387882800 -11.000000
1387886400 -12.000000
1387890000 -10.000000
1387893600 -9.000000
1387897200 -7.000000
1387900800 -2.000000
1387904400 2.000000
1387908000 7.000000
1387911600 8.000000
1387915200 9.000000
1387918800 10.000000
1387922400 11.000000
1387926000 11.000000
1387929600 12.000000
1387933200 13.000000
1387936800 15.000000
1387940400 16.000000
1387944000 15.000000
1387947600 13.000000
1387951200 12.000000
1387954800 16.000000
1387958400 19.000000
1387962000 23.000000
1387965600 19.000000
1387969200 14.000000
1387972800 10.000000
1387976400 11.000000
1387980000 11.000000
1387983600 12.000000
1387987200 14.000000
1387990800 17.000000
1387994400 19.000000
1387998000 20.000000
1388001600 20.000000
1388005200 21.000000
1388008800 19.000000
1388012400 18.000000
1388016000 16.000000
1388019600 15.000000
1388023200 15.000000
1388026800 14.000000
1388030400 14.000000
1388034000 14.000000
1388037600 14.000000
1388041200 10.000000
1388044800 5.000000
1388048400 1.000000
1388052000 4.000000
1388055600 6.000000
1388059200 9.000000
1388062800 7.000000
1388066400 5.000000
1388070000 3.000000
1388073600 1.000000
1388077200 -1.000000
1388080800 -3.000000
1388084400 0.000000
1388088000 5.000000
1388091600 9.000000
1388095200 8.000000
1388098800 8.000000
1388102400 7.000000
1388106000 7.000000
1388109600 7.000000
1388113200 7.000000
1388116800 8.000000
1388120400 9.000000
1388124000 10.000000
1388127600 5.000000
1388131200 1.000000
1388134800 -3.000000
1388138400 3.000000
1388142000 9.000000
1388145600 16.000000
1388149200 13.000000
1388152800 10.000000
1388156400 7.000000
1388160000 9.000000
1388163600 10.000000
1388167200 12.000000
1388170800 11.000000
1388174400 11.000000
1388178000 10.000000
1388181600 10.000000
1388185200 9.000000
1388188800 9.000000
1388192400 9.000000
1388196000 9.000000
1388199600 9.000000
1388203200 9.000000
1388206800 9.000000
1388210400 9.000000
1388214000 13.000000
1388217600 17.000000
1388221200 21.000000
1388224800 16.000000
1388228400 12.000000
1388232000 7.000000
1388235600 8.000000
1388239200 9.000000
1388242800 10.000000
1388246400 12.000000
1388250000 14.000000
1388253600 16.000000
1388257200 15.000000
1388260800 15.000000
1388264400 14.000000
1388268000 13.000000
1388271600 13.000000
1388275200 12.000000
1388278800 12.000000
1388282400 12.000000
1388286000 12.000000
1388289600 11.000000
1388293200 11.000000
1388296800 10.000000
1388300400 10.000000
1388304000 9.000000
1388307600 9.000000
1388311200 8.000000
1388314800 8.000000
1388318400 7.000000
1388322000 8.000000
1388325600 9.000000
1388329200 10.000000
1388332800 11.000000
1388336400 13.000000
1388340000 14.000000
1388343600 13.000000
1388347200 13.000000
1388350800 12.000000
1388354400 11.000000
1388358000 11.000000
1388361600 10.000000
1388365200 10.000000
1388368800 9.000000
1388372400 9.000000
1388376000 9.000000
1388379600 9.000000
1388383200 9.000000
1388386800 8.000000
1388390400 6.000000
1388394000 5.000000
1388397600 4.000000
1388401200 4.000000
1388404800 3.000000
1388408400 4.000000
1388412000 6.000000
1388415600 7.000000
1388419200 8.000000
1388422800 9.000000
1388426400 10.000000
1388430000 10.000000
1388433600 9.000000
1388437200 9.000000
1388440800 9.000000
1388444400 9.000000
1388448000 9.000000
1388451600 8.000000
1388455200 8.000000
1388458800 7.000000
1388462400 7.000000
