1389801600 3.000000
1389805200 7.000000
1389808800 12.000000
1389812400 11.000000
1389816000 11.000000
1389819600 10.000000
1389823200 12.000000
1389826800 14.000000
1389830400 16.000000
1389834000 18.000000
1389837600 21.000000
1389841200 23.000000
1389844800 25.000000
1389848400 26.000000
1389852000 28.000000
1389855600 30.000000
1389859200 32.000000
1389862800 34.000000
1389866400 33.000000
1389870000 31.000000
1389873600 30.000000
1389877200 29.000000
1389880800 29.000000
1389884400 28.000000
1389888000 28.000000
1389891600 27.000000
1389895200 27.000000
1389898800 24.000000
1389902400 22.000000
1389906000 19.000000
1389909600 17.000000
1389913200 14.000000
1389916800 12.000000
1389920400 12.000000
1389924000 12.000000
1389927600 12.000000
1389931200 10.000000
1389934800 7.000000
1389938400 5.000000
1389942000 6.000000
1389945600 8.000000
1389949200 9.000000
1389952800 9.000000
1389956400 10.000000
1389960000 10.000000
1389963600 10.000000
1389967200 9.000000
1389970800 9.000000
1389974400 9.000000
1389978000 10.000000
1389981600 10.000000
1389985200 13.000000
1389988800 16.000000
1389992400 19.000000
1389996000 17.000000
1389999600 16.000000
1390003200 14.000000
1390006800 13.000000
1390010400 13.000000
1390014000 12.000000
1390017600 12.000000
1390021200 12.000000
1390024800 12.000000
1390028400 13.000000
1390032000 13.000000
1390035600 14.000000
1390039200 16.000000
1390042800 19.000000
1390046400 21.000000
1390050000 20.000000
1390053600 20.000000
1390057200 19.000000
1390060800 20.000000
1390064400 20.000000
1390068000 21.000000
1390071600 22.000000
1390075200 22.000000
1390078800 23.000000
1390082400 21.000000
1390086000 18.000000
1390089600 16.000000
1390093200 15.000000
1390096800 15.000000
1390100400 14.000000
1390104000 16.000000
1390107600 17.000000
1390111200 19.000000
1390114800 20.000000
1390118400 20.000000
1390122000 21.000000
1390125600 21.000000
1390129200 21.000000
1390132800 21.000000
1390136400 21.000000
1390140000 21.000000
1390143600 21.000000
1390147200 23.000000
1390150800 26.000000
1390154400 28.000000
1390158000 29.000000
1390161600 31.000000
1390165200 32.000000
1390168800 31.000000
1390172400 31.000000
1390176000 30.000000
1390179600 28.000000
1390183200 27.000000
1390186800 25.000000
1390190400 23.000000
1390194000 21.000000
1390197600 19.000000
1390201200 19.000000
1390204800 18.000000
1390208400 18.000000
1390212000 18.000000
1390215600 19.000000
1390219200 19.000000
1390222800 22.000000
1390226400 24.000000
1390230000 27.000000
1390233600 28.000000
1390237200 29.000000
1390240800 30.000000
1390244400 28.000000
1390248000 25.000000
1390251600 23.000000
1390255200 22.000000
1390258800 22.000000
1390262400 21.000000
1390266000 20.000000
1390269600 19.000000
1390273200 18.000000
1390276800 17.000000
1390280400 15.000000
1390284000 14.000000
1390287600 12.000000
1390291200 11.000000
1390294800 9.000000
1390298400 8.000000
1390302000 8.000000
1390305600 7.000000
1390309200 6.000000
1390312800 4.000000
1390316400 3.000000
1390320000 4.000000
1390323600 4.000000
1390327200 5.000000
1390330800 6.000000
1390334400 6.000000
1390338000 7.000000
1390341600 6.000000
1390345200 6.000000
1390348800 5.000000
1390352400 6.000000
1390356000 8.000000
1390359600 9.000000
1390363200 8.000000
1390366800 8.000000
1390370400 7.000000
1390374000 7.000000
1390377600 7.000000
1390381200 7.000000
1390384800 7.000000
1390388400 7.000000
1390392000 7.000000
1390395600 8.000000
1390399200 9.000000
1390402800 10.000000
1390406400 12.000000
1390410000 14.000000
1390413600 16.000000
1390417200 15.000000
1390420800 15.000000
1390424400 14.000000
1390428000 14.000000
1390431600 14.000000
1390435200 14.000000
1390438800 14.000000
1390442400 14.000000
1390446000 14.000000
1390449600 14.000000
1390453200 14.000000
1390456800 14.000000
1390460400 14.000000
1390464000 14.000000
1390467600 14.000000
1390471200 14.000000
1390474800 14.000000
1390478400 14.000000
1390482000 15.000000
1390485600 17.000000
1390489200 18.000000
1390492800 20.000000
1390496400 21.000000
1390500000 23.000000
1390503600 22.000000
1390507200 22.000000
1390510800 21.000000
1390514400 20.000000
1390518000 20.000000
1390521600 19.000000
1390525200 19.000000
1390528800 19.000000
1390532400 19.000000
1390536000 19.000000
1390539600 18.000000
1390543200 18.000000
1390546800 17.000000
1390550400 17.000000
1390554000 16.000000
1390557600 16.000000
1390561200 16.000000
1390564800 16.000000
1390568400 17.000000
1390572000 17.000000
1390575600 18.000000
1390579200 19.000000
1390582800 20.000000
1390586400 21.000000
1390590000 20.000000
1390593600 19.000000
1390597200 18.000000
1390600800 17.000000
1390604400 17.000000
1390608000 16.000000
1390611600 16.000000
1390615200 16.000000
1390618800 16.000000
1390622400 15.000000
1390626000 15.000000
1390629600 14.000000
1390633200 13.000000
1390636800 13.000000
1390640400 12.000000
1390644000 11.000000
1390647600 11.000000
1390651200 10.000000
1390654800 11.000000
1390658400 11.000000
1390662000 12.000000
