1390665600 3.000000
1390669200 6.000000
1390672800 9.000000
1390676400 9.000000
1390680000 9.000000
1390683600 9.000000
1390687200 8.000000
1390690800 6.000000
1390694400 5.000000
1390698000 4.000000
1390701600 2.000000
1390705200 1.000000
1390708800 2.000000
1390712400 2.000000
1390716000 3.000000
1390719600 4.000000
1390723200 4.000000
1390726800 5.000000
1390730400 7.000000
1390734000 8.000000
1390737600 10.000000
1390741200 10.000000
1390744800 10.000000
1390748400 10.000000
1390752000 12.000000
1390755600 14.000000
1390759200 16.000000
1390762800 16.000000
1390766400 16.000000
1390770000 16.000000
1390773600 12.000000
1390777200 7.000000
1390780800 3.000000
1390784400 3.000000
1390788000 3.000000
1390791600 3.000000
1390795200 1.000000
1390798800 0.000000
1390802400 -1.000000
1390806000 -4.000000
1390809600 -7.000000
1390813200 -10.000000
1390816800 -11.000000
1390820400 -13.000000
1390824000 -14.000000
1390827600 -15.000000
1390831200 -15.000000
1390834800 -16.000000
1390838400 -13.000000
1390842000 -11.000000
1390845600 -8.000000
1390849200 -8.000000
1390852800 -8.000000
1390856400 -8.000000
1390860000 -9.000000
1390863600 -9.000000
1390867200 -10.000000
1390870800 -10.000000
1390874400 -10.000000
1390878000 -10.000000
1390881600 -10.000000
1390885200 -10.000000
1390888800 -10.000000
1390892400 -12.000000
1390896000 -14.000000
1390899600 -16.000000
1390903200 -16.000000
1390906800 -17.000000
1390910400 -17.000000
1390914000 -17.000000
1390917600 -17.000000
1390921200 -17.000000
1390924800 -15.000000
1390928400 -12.000000
1390932000 -10.000000
1390935600 -9.000000
1390939200 -8.000000
1390942800 -7.000000
1390946400 -7.000000
1390950000 -7.000000
1390953600 -7.000000
1390957200 -9.000000
1390960800 -10.000000
1390964400 -12.000000
1390968000 -10.000000
1390971600 -9.000000
1390975200 -7.000000
1390978800 -9.000000
1390982400 -12.000000
1390986000 -14.000000
1390989600 -13.000000
1390993200 -11.000000
1390996800 -10.000000
1391000400 -8.000000
1391004000 -7.000000
1391007600 -5.000000
1391011200 -3.000000
1391014800 0.000000
1391018400 1.000000
1391022000 3.000000
1391025600 5.000000
1391029200 7.000000
1391032800 6.000000
1391036400 6.000000
1391040000 5.000000
1391043600 7.000000
1391047200 10.000000
1391050800 12.000000
1391054400 8.000000
1391058000 4.000000
1391061600 0.000000
1391065200 -1.000000
1391068800 -3.000000
1391072400 -5.000000
1391076000 1.000000
1391079600 7.000000
1391083200 14.000000
1391086800 12.000000
1391090400 9.000000
1391094000 7.000000
1391097600 6.000000
1391101200 4.000000
1391104800 3.000000
1391108400 4.000000
1391112000 6.000000
1391115600 7.000000
1391119200 6.000000
1391122800 6.000000
1391126400 5.000000
1391130000 4.000000
1391133600 2.000000
1391137200 1.000000
1391140800 0.000000
1391144400 0.000000
1391148000 -1.000000
1391151600 -2.000000
1391155200 -4.000000
1391158800 -5.000000
1391162400 -6.000000
1391166000 -6.000000
1391169600 -7.000000
1391173200 -4.000000
1391176800 -1.000000
1391180400 1.000000
1391184000 4.000000
1391187600 6.000000
1391191200 9.000000
1391194800 10.000000
1391198400 11.000000
1391202000 12.000000
1391205600 13.000000
1391209200 15.000000
1391212800 16.000000
1391216400 11.000000
1391220000 6.000000
1391223600 1.000000
1391227200 5.000000
1391230800 8.000000
1391234400 12.000000
1391238000 8.000000
1391241600 4.000000
1391245200 0.000000
1391248800 0.000000
1391252400 0.000000
1391256000 -1.000000
1391259600 0.000000
1391263200 1.000000
1391266800 3.000000
1391270400 5.000000
1391274000 7.000000
1391277600 9.000000
1391281200 8.000000
1391284800 8.000000
1391288400 7.000000
1391292000 7.000000
1391295600 7.000000
1391299200 7.000000
1391302800 5.000000
1391306400 2.000000
1391310000 0.000000
1391313600 0.000000
1391317200 0.000000
1391320800 -1.000000
1391324400 0.000000
1391328000 0.000000
1391331600 1.000000
1391335200 1.000000
1391338800 0.000000
1391342400 0.000000
1391346000 1.000000
1391349600 2.000000
1391353200 3.000000
1391356800 5.000000
1391360400 7.000000
1391364000 9.000000
1391367600 8.000000
1391371200 8.000000
1391374800 7.000000
1391378400 6.000000
1391382000 6.000000
1391385600 5.000000
1391389200 4.000000
1391392800 4.000000
1391396400 3.000000
1391400000 2.000000
1391403600 2.000000
1391407200 1.000000
1391410800 1.000000
1391414400 0.000000
1391418000 0.000000
1391421600 0.000000
1391425200 0.000000
1391428800 -1.000000
1391432400 0.000000
1391436000 1.000000
1391439600 3.000000
1391443200 4.000000
1391446800 6.000000
1391450400 7.000000
1391454000 6.000000
1391457600 6.000000
1391461200 5.000000
1391464800 5.000000
1391468400 5.000000
1391472000 5.000000
1391475600 4.000000
1391479200 4.000000
1391482800 3.000000
1391486400 2.000000
1391490000 2.000000
1391493600 1.000000
1391497200 1.000000
1391500800 0.000000
1391504400 0.000000
1391508000 0.000000
1391511600 0.000000
1391515200 -1.000000
1391518800 0.000000
1391522400 0.000000
1391526000 1.000000
