1388775600 13.000000
1388779200 13.000000
1388782800 14.000000
1388786400 16.000000
1388790000 17.000000
1388793600 19.000000
1388797200 19.000000
1388800800 19.000000
1388804400 19.000000
1388808000 19.000000
1388811600 19.000000
1388815200 19.000000
1388818800 22.000000
1388822400 24.000000
1388826000 27.000000
1388829600 23.000000
1388833200 18.000000
1388836800 14.000000
1388840400 17.000000
1388844000 20.000000
1388847600 23.000000
1388851200 20.000000
1388854800 17.000000
1388858400 14.000000
1388862000 11.000000
1388865600 8.000000
1388869200 5.000000
1388872800 6.000000
1388876400 6.000000
1388880000 7.000000
1388883600 5.000000
1388887200 3.000000
1388890800 1.000000
1388894400 -1.000000
1388898000 -4.000000
1388901600 -7.000000
1388905200 -6.000000
1388908800 -6.000000
1388912400 -5.000000
1388916000 -9.000000
1388919600 -12.000000
1388923200 -16.000000
1388926800 -14.000000
1388930400 -12.000000
1388934000 -10.000000
1388937600 -9.000000
1388941200 -8.000000
1388944800 -7.000000
1388948400 -7.000000
1388952000 -7.000000
1388955600 -7.000000
1388959200 -8.000000
1388962800 -9.000000
1388966400 -10.000000
1388970000 -12.000000
1388973600 -14.000000
1388977200 -16.000000
1388980800 -15.000000
1388984400 -15.000000
1388988000 -14.000000
1388991600 -16.000000
1388995200 -19.000000
1388998800 -21.000000
1389002400 -22.000000
1389006000 -24.000000
1389009600 -25.000000
1389013200 -22.000000
1389016800 -20.000000
1389020400 -17.000000
1389024000 -17.000000
1389027600 -17.000000
1389031200 -17.000000
1389034800 -16.000000
1389038400 -15.000000
1389042000 -14.000000
1389045600 -15.000000
1389049200 -15.000000
1389052800 -16.000000
1389056400 -15.000000
1389060000 -15.000000
1389063600 -14.000000
1389067200 -14.000000
1389070800 -14.000000
1389074400 -14.000000
1389078000 -15.000000
1389081600 -15.000000
1389085200 -16.000000
1389088800 -16.000000
1389092400 -16.000000
1389096000 -16.000000
1389099600 -15.000000
1389103200 -13.000000
1389106800 -12.000000
1389110400 -10.000000
1389114000 -9.000000
1389117600 -7.000000
1389121200 -6.000000
1389124800 -6.000000
1389128400 -5.000000
1389132000 -5.000000
1389135600 -5.000000
1389139200 -5.000000
1389142800 -6.000000
1389146400 -7.000000
1389150000 -8.000000
1389153600 -6.000000
1389157200 -5.000000
1389160800 -3.000000
1389164400 -3.000000
1389168000 -3.000000
1389171600 -3.000000
1389175200 -1.000000
1389178800 0.000000
1389182400 1.000000
1389186000 3.000000
1389189600 5.000000
1389193200 7.000000
1389196800 9.000000
1389200400 10.000000
1389204000 12.000000
1389207600 13.000000
1389211200 13.000000
1389214800 14.000000
1389218400 16.000000
1389222000 17.000000
1389225600 19.000000
1389229200 18.000000
1389232800 17.000000
1389236400 16.000000
1389240000 17.000000
1389243600 17.000000
1389247200 18.000000
1389250800 18.000000
1389254400 18.000000
1389258000 18.000000
1389261600 14.000000
1389265200 9.000000
1389268800 5.000000
1389272400 5.000000
1389276000 5.000000
1389279600 5.000000
1389283200 6.000000
1389286800 8.000000
1389290400 9.000000
1389294000 9.000000
1389297600 9.000000
1389301200 9.000000
1389304800 11.000000
1389308400 14.000000
1389312000 16.000000
1389315600 14.000000
1389319200 12.000000
1389322800 10.000000
1389326400 13.000000
1389330000 15.000000
1389333600 18.000000
1389337200 19.000000
1389340800 20.000000
1389344400 21.000000
1389348000 22.000000
1389351600 22.000000
1389355200 23.000000
1389358800 23.000000
1389362400 23.000000
1389366000 23.000000
1389369600 25.000000
1389373200 26.000000
1389376800 28.000000
1389380400 28.000000
1389384000 28.000000
1389387600 28.000000
1389391200 27.000000
1389394800 26.000000
1389398400 25.000000
1389402000 24.000000
1389405600 24.000000
1389409200 23.000000
1389412800 22.000000
1389416400 22.000000
1389420000 21.000000
1389423600 22.000000
1389427200 22.000000
1389430800 23.000000
1389434400 22.000000
1389438000 22.000000
1389441600 21.000000
1389445200 22.000000
1389448800 24.000000
1389452400 25.000000
1389456000 28.000000
1389459600 31.000000
1389463200 34.000000
1389466800 36.000000
1389470400 37.000000
1389474000 39.000000
1389477600 36.000000
1389481200 33.000000
1389484800 30.000000
1389488400 30.000000
1389492000 30.000000
1389495600 30.000000
1389499200 30.000000
1389502800 30.000000
1389506400 30.000000
1389510000 25.000000
1389513600 21.000000
1389517200 16.000000
1389520800 15.000000
1389524400 15.000000
1389528000 14.000000
1389531600 16.000000
1389535200 17.000000
1389538800 19.000000
1389542400 20.000000
1389546000 22.000000
1389549600 23.000000
1389553200 23.000000
1389556800 23.000000
1389560400 23.000000
1389564000 22.000000
1389567600 22.000000
1389571200 21.000000
1389574800 20.000000
1389578400 20.000000
1389582000 19.000000
1389585600 19.000000
1389589200 19.000000
1389592800 19.000000
1389596400 19.000000
1389600000 18.000000
1389603600 18.000000
1389607200 17.000000
1389610800 17.000000
1389614400 16.000000
1389618000 16.000000
1389621600 16.000000
1389625200 16.000000
1389628800 17.000000
1389632400 17.000000
1389636000 18.000000
