1392015600 -6.000000
1392019200 -9.000000
1392022800 -12.000000
1392026400 -11.000000
1392030000 -9.000000
1392033600 -8.000000
1392037200 -8.000000
1392040800 -8.000000
1392044400 -8.000000
1392048000 -5.000000
1392051600 -2.000000
1392055200 0.000000
1392058800 1.000000
1392062400 2.000000
1392066000 3.000000
1392069600 1.000000
1392073200 0.000000
1392076800 -1.000000
1392080400 -2.000000
1392084000 -4.000000
1392087600 -5.000000
1392091200 -8.000000
1392094800 -11.000000
1392098400 -14.000000
1392102000 -13.000000
1392105600 -11.000000
1392109200 -10.000000
1392112800 -11.000000
1392116400 -13.000000
1392120000 -14.000000
1392123600 -12.000000
1392127200 -9.000000
1392130800 -7.000000
1392134400 -3.000000
1392138000 1.000000
1392141600 5.000000
1392145200 6.000000
1392148800 8.000000
1392152400 9.000000
1392156000 10.000000
1392159600 11.000000
1392163200 12.000000
1392166800 13.000000
1392170400 15.000000
1392174000 16.000000
1392177600 17.000000
1392181200 18.000000
1392184800 19.000000
1392188400 19.000000
1392192000 19.000000
1392195600 19.000000
1392199200 17.000000
1392202800 16.000000
1392206400 14.000000
1392210000 14.000000
1392213600 14.000000
1392217200 14.000000
1392220800 15.000000
1392224400 17.000000
1392228000 18.000000
1392231600 19.000000
1392235200 20.000000
1392238800 21.000000
1392242400 22.000000
1392246000 24.000000
1392249600 25.000000
1392253200 25.000000
1392256800 25.000000
1392260400 25.000000
1392264000 26.000000
1392267600 26.000000
1392271200 27.000000
1392274800 28.000000
1392278400 29.000000
1392282000 30.000000
1392285600 25.000000
1392289200 21.000000
1392292800 16.000000
1392296400 21.000000
1392300000 25.000000
1392303600 30.000000
1392307200 28.000000
1392310800 25.000000
1392314400 23.000000
1392318000 20.000000
1392321600 17.000000
1392325200 14.000000
1392328800 16.000000
1392332400 17.000000
1392336000 19.000000
1392339600 13.000000
1392343200 6.000000
1392346800 0.000000
1392350400 3.000000
1392354000 7.000000
1392357600 10.000000
1392361200 1.000000
1392364800 -8.000000
1392368400 -17.000000
1392372000 -10.000000
1392375600 -3.000000
1392379200 3.000000
1392382800 3.000000
1392386400 3.000000
1392390000 3.000000
1392393600 6.000000
1392397200 9.000000
1392400800 12.000000
1392404400 13.000000
1392408000 13.000000
1392411600 14.000000
1392415200 14.000000
1392418800 14.000000
1392422400 14.000000
1392426000 15.000000
1392429600 15.000000
1392433200 16.000000
1392436800 15.000000
1392440400 15.000000
1392444000 14.000000
1392447600 12.000000
1392451200 11.000000
1392454800 9.000000
1392458400 10.000000
1392462000 11.000000
1392465600 12.000000
1392469200 11.000000
1392472800 11.000000
1392476400 10.000000
1392480000 13.000000
1392483600 16.000000
1392487200 19.000000
1392490800 20.000000
1392494400 22.000000
1392498000 23.000000
1392501600 21.000000
1392505200 20.000000
1392508800 18.000000
1392512400 18.000000
1392516000 18.000000
1392519600 18.000000
1392523200 20.000000
1392526800 21.000000
1392530400 23.000000
1392534000 19.000000
1392537600 14.000000
1392541200 10.000000
1392544800 14.000000
1392548400 19.000000
1392552000 23.000000
1392555600 20.000000
1392559200 17.000000
1392562800 14.000000
1392566400 16.000000
1392570000 19.000000
1392573600 21.000000
1392577200 22.000000
1392580800 22.000000
1392584400 23.000000
1392588000 25.000000
1392591600 28.000000
1392595200 30.000000
1392598800 26.000000
1392602400 23.000000
1392606000 19.000000
1392609600 19.000000
1392613200 18.000000
1392616800 18.000000
1392620400 23.000000
1392624000 27.000000
1392627600 32.000000
1392631200 27.000000
1392634800 21.000000
1392638400 16.000000
1392642000 20.000000
1392645600 23.000000
1392649200 27.000000
1392652800 28.000000
1392656400 29.000000
1392660000 30.000000
1392663600 30.000000
1392667200 30.000000
1392670800 30.000000
1392674400 29.000000
1392678000 28.000000
1392681600 27.000000
1392685200 27.000000
1392688800 27.000000
1392692400 27.000000
1392696000 26.000000
1392699600 26.000000
1392703200 25.000000
1392706800 24.000000
1392710400 24.000000
1392714000 23.000000
1392717600 23.000000
1392721200 23.000000
1392724800 23.000000
1392728400 24.000000
1392732000 24.000000
1392735600 25.000000
1392739200 26.000000
1392742800 27.000000
1392746400 28.000000
1392750000 28.000000
1392753600 27.000000
1392757200 27.000000
1392760800 26.000000
1392764400 26.000000
1392768000 25.000000
1392771600 24.000000
1392775200 24.000000
1392778800 23.000000
1392782400 23.000000
1392786000 23.000000
1392789600 23.000000
1392793200 22.000000
1392796800 22.000000
1392800400 21.000000
1392804000 21.000000
1392807600 21.000000
1392811200 21.000000
1392814800 22.000000
1392818400 22.000000
1392822000 23.000000
1392825600 25.000000
1392829200 28.000000
1392832800 30.000000
1392836400 29.000000
1392840000 29.000000
1392843600 28.000000
1392847200 28.000000
1392850800 27.000000
1392854400 27.000000
1392858000 26.000000
1392861600 26.000000
1392865200 25.000000
1392868800 25.000000
1392872400 25.000000
1392876000 25.000000
