1392433200 9.000000
1392436800 6.000000
1392440400 4.000000
1392444000 1.000000
1392447600 1.000000
1392451200 0.000000
1392454800 0.000000
1392458400 0.000000
1392462000 0.000000
1392465600 0.000000
1392469200 2.000000
1392472800 5.000000
1392476400 7.000000
1392480000 11.000000
1392483600 14.000000
1392487200 18.000000
1392490800 18.000000
1392494400 19.000000
1392498000 19.000000
1392501600 19.000000
1392505200 18.000000
1392508800 18.000000
1392512400 20.000000
1392516000 23.000000
1392519600 25.000000
1392523200 23.000000
1392526800 21.000000
1392530400 19.000000
1392534000 16.000000
1392537600 12.000000
1392541200 9.000000
1392544800 8.000000
1392548400 6.000000
1392552000 5.000000
1392555600 7.000000
1392559200 8.000000
1392562800 10.000000
1392566400 13.000000
1392570000 16.000000
1392573600 19.000000
1392577200 20.000000
1392580800 20.000000
1392584400 21.000000
1392588000 22.000000
1392591600 22.000000
1392595200 23.000000
1392598800 24.000000
1392602400 26.000000
1392606000 27.000000
1392609600 26.000000
1392613200 26.000000
1392616800 25.000000
1392620400 25.000000
1392624000 25.000000
1392627600 25.000000
1392631200 26.000000
1392634800 27.000000
1392638400 28.000000
1392642000 28.000000
1392645600 28.000000
1392649200 28.000000
1392652800 29.000000
1392656400 29.000000
1392660000 30.000000
1392663600 31.000000
1392667200 33.000000
1392670800 34.000000
1392674400 33.000000
1392678000 31.000000
1392681600 30.000000
1392685200 26.000000
1392688800 23.000000
1392692400 19.000000
1392696000 20.000000
1392699600 20.000000
1392703200 21.000000
1392706800 23.000000
1392710400 25.000000
1392714000 27.000000
1392717600 26.000000
1392721200 26.000000
1392724800 25.000000
1392728400 26.000000
1392732000 27.000000
1392735600 28.000000
1392739200 31.000000
1392742800 33.000000
1392746400 36.000000
1392750000 36.000000
1392753600 37.000000
1392757200 37.000000
1392760800 35.000000
1392764400 34.000000
1392768000 32.000000
1392771600 32.000000
1392775200 32.000000
1392778800 32.000000
1392782400 31.000000
1392786000 29.000000
1392789600 28.000000
1392793200 26.000000
1392796800 23.000000
1392800400 21.000000
1392804000 22.000000
1392807600 24.000000
1392811200 25.000000
1392814800 26.000000
1392818400 26.000000
1392822000 27.000000
1392825600 30.000000
1392829200 34.000000
1392832800 37.000000
1392836400 38.000000
1392840000 38.000000
1392843600 39.000000
1392847200 38.000000
1392850800 38.000000
1392854400 37.000000
1392858000 38.000000
1392861600 40.000000
1392865200 41.000000
1392868800 39.000000
1392872400 36.000000
1392876000 34.000000
1392879600 33.000000
1392883200 31.000000
1392886800 30.000000
1392890400 32.000000
1392894000 34.000000
1392897600 36.000000
1392901200 35.000000
1392904800 35.000000
1392908400 34.000000
1392912000 34.000000
1392915600 34.000000
1392919200 34.000000
1392922800 34.000000
1392926400 34.000000
1392930000 34.000000
1392933600 34.000000
1392937200 34.000000
1392940800 34.000000
1392944400 32.000000
1392948000 29.000000
1392951600 27.000000
1392955200 26.000000
1392958800 24.000000
1392962400 23.000000
1392966000 21.000000
1392969600 18.000000
1392973200 16.000000
1392976800 21.000000
1392980400 27.000000
1392984000 32.000000
1392987600 30.000000
1392991200 27.000000
1392994800 25.000000
1392998400 26.000000
1393002000 26.000000
1393005600 27.000000
1393009200 27.000000
1393012800 28.000000
1393016400 28.000000
1393020000 28.000000
1393023600 28.000000
1393027200 28.000000
1393030800 25.000000
1393034400 22.000000
1393038000 19.000000
1393041600 19.000000
1393045200 19.000000
1393048800 19.000000
1393052400 20.000000
1393056000 22.000000
1393059600 23.000000
1393063200 20.000000
1393066800 17.000000
1393070400 14.000000
1393074000 15.000000
1393077600 15.000000
1393081200 16.000000
1393084800 17.000000
1393088400 17.000000
1393092000 18.000000
1393095600 17.000000
1393099200 15.000000
1393102800 14.000000
1393106400 13.000000
1393110000 11.000000
1393113600 10.000000
1393117200 10.000000
1393120800 9.000000
1393124400 9.000000
1393128000 8.000000
1393131600 6.000000
1393135200 5.000000
1393138800 5.000000
1393142400 5.000000
1393146000 5.000000
1393149600 4.000000
1393153200 4.000000
1393156800 3.000000
1393160400 4.000000
1393164000 6.000000
1393167600 7.000000
1393171200 9.000000
1393174800 10.000000
1393178400 12.000000
1393182000 11.000000
1393185600 10.000000
1393189200 9.000000
1393192800 8.000000
1393196400 8.000000
1393200000 7.000000
1393203600 6.000000
1393207200 6.000000
1393210800 5.000000
1393214400 5.000000
1393218000 5.000000
1393221600 5.000000
1393225200 5.000000
1393228800 5.000000
1393232400 5.000000
1393236000 6.000000
1393239600 6.000000
1393243200 7.000000
1393246800 8.000000
1393250400 8.000000
1393254000 9.000000
1393257600 11.000000
1393261200 14.000000
1393264800 16.000000
1393268400 15.000000
1393272000 13.000000
1393275600 12.000000
1393279200 11.000000
1393282800 11.000000
1393286400 10.000000
1393290000 10.000000
1393293600 9.000000
