1389164400 -10.000000
1389168000 -9.000000
1389171600 -7.000000
1389175200 -10.000000
1389178800 -13.000000
1389182400 -16.000000
1389186000 -16.000000
1389189600 -16.000000
1389193200 -16.000000
1389196800 -12.000000
1389200400 -7.000000
1389204000 -3.000000
1389207600 -1.000000
1389211200 0.000000
1389214800 1.000000
1389218400 -4.000000
1389222000 -10.000000
1389225600 -16.000000
1389229200 -15.000000
1389232800 -15.000000
1389236400 -14.000000
1389240000 -11.000000
1389243600 -8.000000
1389247200 -5.000000
1389250800 -5.000000
1389254400 -5.000000
1389258000 -5.000000
1389261600 -4.000000
1389265200 -4.000000
1389268800 -3.000000
1389272400 -2.000000
1389276000 0.000000
1389279600 0.000000
1389283200 5.000000
1389286800 11.000000
1389290400 16.000000
1389294000 15.000000
1389297600 15.000000
1389301200 14.000000
1389304800 16.000000
1389308400 17.000000
1389312000 19.000000
1389315600 20.000000
1389319200 20.000000
1389322800 21.000000
1389326400 21.000000
1389330000 21.000000
1389333600 21.000000
1389337200 19.000000
1389340800 18.000000
1389344400 16.000000
1389348000 19.000000
1389351600 22.000000
1389355200 25.000000
1389358800 26.000000
1389362400 26.000000
1389366000 27.000000
1389369600 29.000000
1389373200 30.000000
1389376800 32.000000
1389380400 33.000000
1389384000 33.000000
1389387600 34.000000
1389391200 35.000000
1389394800 36.000000
1389398400 37.000000
1389402000 37.000000
1389405600 36.000000
1389409200 36.000000
1389412800 32.000000
1389416400 29.000000
1389420000 25.000000
1389423600 24.000000
1389427200 22.000000
1389430800 21.000000
1389434400 24.000000
1389438000 27.000000
1389441600 30.000000
1389445200 29.000000
1389448800 29.000000
1389452400 28.000000
1389456000 29.000000
1389459600 29.000000
1389463200 30.000000
1389466800 29.000000
1389470400 29.000000
1389474000 28.000000
1389477600 26.000000
1389481200 25.000000
1389484800 23.000000
1389488400 22.000000
1389492000 20.000000
1389495600 19.000000
1389499200 22.000000
1389502800 24.000000
1389506400 27.000000
1389510000 27.000000
1389513600 28.000000
1389517200 28.000000
1389520800 27.000000
1389524400 26.000000
1389528000 25.000000
1389531600 27.000000
1389535200 28.000000
1389538800 30.000000
1389542400 31.000000
1389546000 33.000000
1389549600 34.000000
1389553200 35.000000
1389556800 36.000000
1389560400 37.000000
1389564000 33.000000
1389567600 29.000000
1389571200 25.000000
1389574800 23.000000
1389578400 20.000000
1389582000 18.000000
1389585600 17.000000
1389589200 17.000000
1389592800 16.000000
1389596400 14.000000
1389600000 11.000000
1389603600 9.000000
1389607200 11.000000
1389610800 12.000000
1389614400 14.000000
1389618000 14.000000
1389621600 14.000000
1389625200 14.000000
1389628800 15.000000
1389632400 15.000000
1389636000 16.000000
1389639600 17.000000
1389643200 17.000000
1389646800 18.000000
1389650400 17.000000
1389654000 17.000000
1389657600 16.000000
1389661200 16.000000
1389664800 16.000000
1389668400 16.000000
1389672000 17.000000
1389675600 17.000000
1389679200 18.000000
1389682800 23.000000
1389686400 27.000000
1389690000 32.000000
1389693600 27.000000
1389697200 21.000000
1389700800 16.000000
1389704400 18.000000
1389708000 19.000000
1389711600 21.000000
1389715200 22.000000
1389718800 24.000000
1389722400 25.000000
1389726000 24.000000
1389729600 24.000000
1389733200 23.000000
1389736800 19.000000
1389740400 16.000000
1389744000 12.000000
1389747600 14.000000
1389751200 16.000000
1389754800 18.000000
1389758400 17.000000
1389762000 17.000000
1389765600 16.000000
1389769200 15.000000
1389772800 15.000000
1389776400 14.000000
1389780000 15.000000
1389783600 17.000000
1389787200 18.000000
1389790800 18.000000
1389794400 19.000000
1389798000 19.000000
1389801600 20.000000
1389805200 22.000000
1389808800 23.000000
1389812400 22.000000
1389816000 22.000000
1389819600 21.000000
1389823200 21.000000
1389826800 21.000000
1389830400 21.000000
1389834000 20.000000
1389837600 20.000000
1389841200 19.000000
1389844800 19.000000
1389848400 19.000000
1389852000 19.000000
1389855600 19.000000
1389859200 19.000000
1389862800 19.000000
1389866400 19.000000
1389870000 18.000000
1389873600 18.000000
1389877200 18.000000
1389880800 19.000000
1389884400 19.000000
1389888000 19.000000
1389891600 19.000000
1389895200 19.000000
1389898800 18.000000
1389902400 17.000000
1389906000 16.000000
1389909600 15.000000
1389913200 13.000000
1389916800 12.000000
1389920400 11.000000
1389924000 10.000000
1389927600 9.000000
1389931200 8.000000
1389934800 8.000000
1389938400 7.000000
1389942000 6.000000
1389945600 6.000000
1389949200 5.000000
1389952800 4.000000
1389956400 4.000000
1389960000 3.000000
1389963600 4.000000
1389967200 6.000000
1389970800 7.000000
1389974400 8.000000
1389978000 8.000000
1389981600 9.000000
1389985200 8.000000
1389988800 8.000000
1389992400 7.000000
1389996000 6.000000
1389999600 6.000000
1390003200 5.000000
1390006800 4.000000
1390010400 4.000000
1390014000 3.000000
1390017600 2.000000
1390021200 2.000000
1390024800 1.000000
