1389034800 -13.000000
1389038400 -15.000000
1389042000 -16.000000
1389045600 -16.000000
1389049200 -17.000000
1389052800 -17.000000
1389056400 -17.000000
1389060000 -17.000000
1389063600 -17.000000
1389067200 -18.000000
1389070800 -18.000000
1389074400 -19.000000
1389078000 -17.000000
1389081600 -14.000000
1389085200 -12.000000
1389088800 -12.000000
1389092400 -12.000000
1389096000 -12.000000
1389099600 -12.000000
1389103200 -12.000000
1389106800 -12.000000
1389110400 -8.000000
1389114000 -5.000000
1389117600 -1.000000
1389121200 0.000000
1389124800 3.000000
1389128400 5.000000
1389132000 3.000000
1389135600 2.000000
1389139200 0.000000
1389142800 0.000000
1389146400 -2.000000
1389150000 -3.000000
1389153600 -4.000000
1389157200 -6.000000
1389160800 -7.000000
1389164400 -7.000000
1389168000 -8.000000
1389171600 -8.000000
1389175200 -8.000000
1389178800 -7.000000
1389182400 -7.000000
1389186000 -7.000000
1389189600 -7.000000
1389193200 -7.000000
1389196800 -6.000000
1389200400 -4.000000
1389204000 -3.000000
1389207600 -1.000000
1389211200 0.000000
1389214800 1.000000
1389218400 2.000000
1389222000 2.000000
1389225600 3.000000
1389229200 0.000000
1389232800 -2.000000
1389236400 -5.000000
1389240000 -4.000000
1389243600 -4.000000
1389247200 -3.000000
1389250800 -2.000000
1389254400 -2.000000
1389258000 -1.000000
1389261600 0.000000
1389265200 0.000000
1389268800 0.000000
1389272400 1.000000
1389276000 2.000000
1389279600 3.000000
1389283200 7.000000
1389286800 10.000000
1389290400 14.000000
1389294000 15.000000
1389297600 17.000000
1389301200 18.000000
1389304800 17.000000
1389308400 17.000000
1389312000 16.000000
1389315600 17.000000
1389319200 18.000000
1389322800 19.000000
1389326400 20.000000
1389330000 20.000000
1389333600 21.000000
1389337200 22.000000
1389340800 24.000000
1389344400 25.000000
1389348000 25.000000
1389351600 25.000000
1389355200 25.000000
1389358800 25.000000
1389362400 25.000000
1389366000 25.000000
1389369600 26.000000
1389373200 27.000000
1389376800 28.000000
1389380400 29.000000
1389384000 31.000000
1389387600 32.000000
1389391200 31.000000
1389394800 31.000000
1389398400 30.000000
1389402000 29.000000
1389405600 29.000000
1389409200 28.000000
1389412800 29.000000
1389416400 29.000000
1389420000 30.000000
1389423600 29.000000
1389427200 29.000000
1389430800 28.000000
1389434400 28.000000
1389438000 27.000000
1389441600 27.000000
1389445200 26.000000
1389448800 26.000000
1389452400 25.000000
1389456000 26.000000
1389459600 26.000000
1389463200 27.000000
1389466800 26.000000
1389470400 26.000000
1389474000 25.000000
1389477600 25.000000
1389481200 25.000000
1389484800 25.000000
1389488400 26.000000
1389492000 26.000000
1389495600 27.000000
1389499200 26.000000
1389502800 26.000000
1389506400 25.000000
1389510000 25.000000
1389513600 25.000000
1389517200 25.000000
1389520800 24.000000
1389524400 24.000000
1389528000 23.000000
1389531600 22.000000
1389535200 22.000000
1389538800 21.000000
1389542400 25.000000
1389546000 28.000000
1389549600 32.000000
1389553200 30.000000
1389556800 29.000000
1389560400 27.000000
1389564000 28.000000
1389567600 29.000000
1389571200 30.000000
1389574800 29.000000
1389578400 29.000000
1389582000 28.000000
1389585600 26.000000
1389589200 23.000000
1389592800 21.000000
1389596400 20.000000
1389600000 20.000000
1389603600 19.000000
1389607200 19.000000
1389610800 19.000000
1389614400 19.000000
1389618000 19.000000
1389621600 19.000000
1389625200 19.000000
1389628800 21.000000
1389632400 23.000000
1389636000 25.000000
1389639600 24.000000
1389643200 24.000000
1389646800 23.000000
1389650400 22.000000
1389654000 22.000000
1389657600 21.000000
1389661200 21.000000
1389664800 21.000000
1389668400 21.000000
1389672000 20.000000
1389675600 20.000000
1389679200 19.000000
1389682800 19.000000
1389686400 19.000000
1389690000 19.000000
1389693600 19.000000
1389697200 19.000000
1389700800 19.000000
1389704400 20.000000
1389708000 22.000000
1389711600 23.000000
1389715200 24.000000
1389718800 26.000000
1389722400 27.000000
1389726000 26.000000
1389729600 24.000000
1389733200 23.000000
1389736800 22.000000
1389740400 22.000000
1389744000 21.000000
1389747600 21.000000
1389751200 21.000000
1389754800 21.000000
1389758400 20.000000
1389762000 20.000000
1389765600 19.000000
1389769200 19.000000
1389772800 19.000000
1389776400 19.000000
1389780000 19.000000
1389783600 18.000000
1389787200 18.000000
1389790800 18.000000
1389794400 19.000000
1389798000 19.000000
1389801600 19.000000
1389805200 19.000000
1389808800 19.000000
1389812400 19.000000
1389816000 18.000000
1389819600 18.000000
1389823200 17.000000
1389826800 15.000000
1389830400 14.000000
1389834000 13.000000
1389837600 13.000000
1389841200 12.000000
1389844800 11.000000
1389848400 11.000000
1389852000 10.000000
1389855600 10.000000
1389859200 9.000000
1389862800 9.000000
1389866400 8.000000
1389870000 8.000000
1389873600 7.000000
1389877200 8.000000
1389880800 9.000000
1389884400 10.000000
1389888000 11.000000
1389891600 11.000000
1389895200 12.000000
