1389452400 23.000000
1389456000 25.000000
1389459600 28.000000
1389463200 30.000000
1389466800 29.000000
1389470400 29.000000
1389474000 28.000000
1389477600 27.000000
1389481200 26.000000
1389484800 25.000000
1389488400 26.000000
1389492000 27.000000
1389495600 28.000000
1389499200 27.000000
1389502800 26.000000
1389506400 25.000000
1389510000 26.000000
1389513600 27.000000
1389517200 28.000000
1389520800 28.000000
1389524400 28.000000
1389528000 28.000000
1389531600 30.000000
1389535200 32.000000
1389538800 34.000000
1389542400 36.000000
1389546000 39.000000
1389549600 41.000000
1389553200 40.000000
1389556800 40.000000
1389560400 39.000000
1389564000 38.000000
1389567600 37.000000
1389571200 36.000000
1389574800 36.000000
1389578400 36.000000
1389582000 36.000000
1389585600 34.000000
1389589200 32.000000
1389592800 30.000000
1389596400 30.000000
1389600000 30.000000
1389603600 30.000000
1389607200 25.000000
1389610800 21.000000
1389614400 16.000000
1389618000 17.000000
1389621600 17.000000
1389625200 18.000000
1389628800 21.000000
1389632400 24.000000
1389636000 27.000000
1389639600 23.000000
1389643200 20.000000
1389646800 16.000000
1389650400 15.000000
1389654000 15.000000
1389657600 14.000000
1389661200 15.000000
1389664800 17.000000
1389668400 18.000000
1389672000 17.000000
1389675600 15.000000
1389679200 14.000000
1389682800 14.000000
1389686400 14.000000
1389690000 14.000000
1389693600 13.000000
1389697200 13.000000
1389700800 12.000000
1389704400 13.000000
1389708000 15.000000
1389711600 16.000000
1389715200 17.000000
1389718800 17.000000
1389722400 18.000000
1389726000 16.000000
1389729600 14.000000
1389733200 12.000000
1389736800 13.000000
1389740400 13.000000
1389744000 14.000000
1389747600 12.000000
1389751200 9.000000
1389754800 7.000000
1389758400 9.000000
1389762000 10.000000
1389765600 12.000000
1389769200 11.000000
1389772800 10.000000
1389776400 9.000000
1389780000 10.000000
1389783600 11.000000
1389787200 12.000000
1389790800 13.000000
1389794400 13.000000
1389798000 14.000000
1389801600 16.000000
1389805200 19.000000
1389808800 21.000000
1389812400 24.000000
1389816000 27.000000
1389819600 30.000000
1389823200 31.000000
1389826800 33.000000
1389830400 34.000000
1389834000 34.000000
1389837600 34.000000
1389841200 34.000000
1389844800 34.000000
1389848400 34.000000
1389852000 34.000000
1389855600 33.000000
1389859200 33.000000
1389862800 32.000000
1389866400 30.000000
1389870000 29.000000
1389873600 27.000000
1389877200 27.000000
1389880800 27.000000
1389884400 27.000000
1389888000 27.000000
1389891600 27.000000
1389895200 27.000000
1389898800 27.000000
1389902400 27.000000
1389906000 27.000000
1389909600 21.000000
1389913200 15.000000
1389916800 9.000000
1389920400 6.000000
1389924000 4.000000
1389927600 1.000000
1389931200 0.000000
1389934800 -3.000000
1389938400 -5.000000
1389942000 -5.000000
1389945600 -5.000000
1389949200 -5.000000
1389952800 -5.000000
1389956400 -5.000000
1389960000 -5.000000
1389963600 -2.000000
1389967200 0.000000
1389970800 3.000000
1389974400 6.000000
1389978000 9.000000
1389981600 12.000000
1389985200 13.000000
1389988800 15.000000
1389992400 16.000000
1389996000 13.000000
1389999600 10.000000
1390003200 7.000000
1390006800 6.000000
1390010400 6.000000
1390014000 5.000000
1390017600 5.000000
1390021200 5.000000
1390024800 5.000000
1390028400 4.000000
1390032000 4.000000
1390035600 3.000000
1390039200 2.000000
1390042800 2.000000
1390046400 1.000000
1390050000 5.000000
1390053600 10.000000
1390057200 14.000000
1390060800 16.000000
1390064400 19.000000
1390068000 21.000000
1390071600 17.000000
1390075200 14.000000
1390078800 10.000000
1390082400 10.000000
1390086000 9.000000
1390089600 9.000000
1390093200 9.000000
1390096800 9.000000
1390100400 9.000000
1390104000 9.000000
1390107600 9.000000
1390111200 9.000000
1390114800 9.000000
1390118400 9.000000
1390122000 9.000000
1390125600 8.000000
1390129200 8.000000
1390132800 7.000000
1390136400 8.000000
1390140000 9.000000
1390143600 10.000000
1390147200 11.000000
1390150800 13.000000
1390154400 14.000000
1390158000 13.000000
1390161600 13.000000
1390165200 12.000000
1390168800 11.000000
1390172400 11.000000
1390176000 10.000000
1390179600 10.000000
1390183200 10.000000
1390186800 10.000000
1390190400 10.000000
1390194000 9.000000
1390197600 9.000000
1390201200 9.000000
1390204800 9.000000
1390208400 9.000000
1390212000 9.000000
1390215600 9.000000
1390219200 9.000000
1390222800 11.000000
1390226400 12.000000
1390230000 14.000000
1390233600 15.000000
1390237200 17.000000
1390240800 18.000000
1390244400 17.000000
1390248000 17.000000
1390251600 16.000000
1390255200 15.000000
1390258800 13.000000
1390262400 12.000000
1390266000 12.000000
1390269600 12.000000
1390273200 12.000000
1390276800 12.000000
1390280400 12.000000
1390284000 12.000000
1390287600 12.000000
1390291200 12.000000
1390294800 12.000000
1390298400 12.000000
1390302000 12.000000
1390305600 12.000000
1390309200 13.000000
1390312800 15.000000
