1387861200 -7.000000
1387864800 -8.000000
1387868400 -9.000000
1387872000 -9.000000
1387875600 -10.000000
1387879200 -9.000000
1387882800 -8.000000
1387886400 -7.000000
1387890000 -4.000000
1387893600 -1.000000
1387897200 1.000000
1387900800 4.000000
1387904400 7.000000
1387908000 10.000000
1387911600 10.000000
1387915200 10.000000
1387918800 10.000000
1387922400 11.000000
1387926000 11.000000
1387929600 12.000000
1387933200 13.000000
1387936800 15.000000
1387940400 16.000000
1387944000 15.000000
1387947600 15.000000
1387951200 14.000000
1387954800 13.000000
1387958400 11.000000
1387962000 10.000000
1387965600 10.000000
1387969200 10.000000
1387972800 10.000000
1387976400 14.000000
1387980000 19.000000
1387983600 23.000000
1387987200 23.000000
1387990800 23.000000
1387994400 23.000000
1387998000 24.000000
1388001600 24.000000
1388005200 25.000000
1388008800 24.000000
1388012400 24.000000
1388016000 23.000000
1388019600 22.000000
1388023200 20.000000
1388026800 19.000000
1388030400 16.000000
1388034000 13.000000
1388037600 10.000000
1388041200 7.000000
1388044800 3.000000
1388048400 0.000000
1388052000 0.000000
1388055600 1.000000
1388059200 1.000000
1388062800 2.000000
1388066400 4.000000
1388070000 5.000000
1388073600 7.000000
1388077200 8.000000
1388080800 10.000000
1388084400 12.000000
1388088000 14.000000
1388091600 16.000000
1388095200 11.000000
1388098800 5.000000
1388102400 0.000000
1388106000 7.000000
1388109600 14.000000
1388113200 21.000000
1388116800 21.000000
1388120400 21.000000
1388124000 21.000000
1388127600 22.000000
1388131200 22.000000
1388134800 23.000000
1388138400 23.000000
1388142000 23.000000
1388145600 23.000000
1388149200 21.000000
1388152800 18.000000
1388156400 16.000000
1388160000 16.000000
1388163600 16.000000
1388167200 16.000000
1388170800 18.000000
1388174400 19.000000
1388178000 21.000000
1388181600 20.000000
1388185200 20.000000
1388188800 19.000000
1388192400 24.000000
1388196000 29.000000
1388199600 34.000000
1388203200 30.000000
1388206800 25.000000
1388210400 21.000000
1388214000 21.000000
1388217600 21.000000
1388221200 21.000000
1388224800 21.000000
1388228400 21.000000
1388232000 21.000000
1388235600 22.000000
1388239200 24.000000
1388242800 25.000000
1388246400 25.000000
1388250000 25.000000
1388253600 25.000000
1388257200 25.000000
1388260800 25.000000
1388264400 25.000000
1388268000 23.000000
1388271600 21.000000
1388275200 19.000000
1388278800 18.000000
1388282400 17.000000
1388286000 16.000000
1388289600 15.000000
1388293200 13.000000
1388296800 12.000000
1388300400 8.000000
1388304000 5.000000
1388307600 1.000000
1388311200 4.000000
1388314800 7.000000
1388318400 10.000000
1388322000 10.000000
1388325600 10.000000
1388329200 10.000000
1388332800 10.000000
1388336400 10.000000
1388340000 10.000000
1388343600 11.000000
1388347200 13.000000
1388350800 14.000000
1388354400 9.000000
1388358000 3.000000
1388361600 -1.000000
1388365200 -2.000000
1388368800 -2.000000
1388372400 -3.000000
1388376000 -2.000000
1388379600 0.000000
1388383200 0.000000
1388386800 -5.000000
1388390400 -11.000000
1388394000 -17.000000
1388397600 -12.000000
1388401200 -8.000000
1388404800 -3.000000
1388408400 -4.000000
1388412000 -4.000000
1388415600 -5.000000
1388419200 -4.000000
1388422800 -2.000000
1388426400 -1.000000
1388430000 -1.000000
1388433600 -1.000000
1388437200 -1.000000
1388440800 -2.000000
1388444400 -2.000000
1388448000 -3.000000
1388451600 -1.000000
1388455200 0.000000
1388458800 1.000000
1388462400 0.000000
1388466000 0.000000
1388469600 -1.000000
1388473200 -2.000000
1388476800 -2.000000
1388480400 -3.000000
1388484000 0.000000
1388487600 2.000000
1388491200 5.000000
1388494800 4.000000
1388498400 2.000000
1388502000 1.000000
1388505600 2.000000
1388509200 4.000000
1388512800 5.000000
1388516400 4.000000
1388520000 4.000000
1388523600 3.000000
1388527200 2.000000
1388530800 2.000000
1388534400 1.000000
1388538000 4.000000
1388541600 6.000000
1388545200 9.000000
1388548800 8.000000
1388552400 6.000000
1388556000 5.000000
1388559600 1.000000
1388563200 -1.000000
1388566800 -5.000000
1388570400 -6.000000
1388574000 -6.000000
1388577600 -7.000000
1388581200 -6.000000
1388584800 -4.000000
1388588400 -3.000000
1388592000 -2.000000
1388595600 0.000000
1388599200 0.000000
1388602800 0.000000
1388606400 0.000000
1388610000 0.000000
1388613600 0.000000
1388617200 0.000000
1388620800 -1.000000
1388624400 -1.000000
1388628000 -1.000000
1388631600 -1.000000
1388635200 -2.000000
1388638800 -2.000000
1388642400 -3.000000
1388646000 -3.000000
1388649600 -3.000000
1388653200 -3.000000
1388656800 -4.000000
1388660400 -4.000000
1388664000 -5.000000
1388667600 -4.000000
1388671200 -2.000000
1388674800 -1.000000
1388678400 0.000000
1388682000 0.000000
1388685600 1.000000
1388689200 1.000000
1388692800 1.000000
1388696400 1.000000
1388700000 1.000000
1388703600 0.000000
1388707200 0.000000
1388710800 0.000000
1388714400 0.000000
1388718000 0.000000
1388721600 0.000000
