1392058800 1.000000
1392062400 2.000000
1392066000 3.000000
1392069600 1.000000
1392073200 0.000000
1392076800 -1.000000
1392080400 -2.000000
1392084000 -2.000000
1392087600 -3.000000
1392091200 -7.000000
1392094800 -12.000000
1392098400 -16.000000
1392102000 -14.000000
1392105600 -12.000000
1392109200 -10.000000
1392112800 -11.000000
1392116400 -13.000000
1392120000 -14.000000
1392123600 -11.000000
1392127200 -8.000000
1392130800 -5.000000
1392134400 -1.000000
1392138000 3.000000
1392141600 7.000000
1392145200 8.000000
1392148800 9.000000
1392152400 10.000000
1392156000 10.000000
1392159600 10.000000
1392163200 10.000000
1392166800 12.000000
1392170400 14.000000
1392174000 16.000000
1392177600 17.000000
1392181200 17.000000
1392184800 18.000000
1392188400 18.000000
1392192000 18.000000
1392195600 18.000000
1392199200 17.000000
1392202800 17.000000
1392206400 16.000000
1392210000 16.000000
1392213600 16.000000
1392217200 16.000000
1392220800 19.000000
1392224400 22.000000
1392228000 25.000000
1392231600 25.000000
1392235200 25.000000
1392238800 25.000000
1392242400 23.000000
1392246000 20.000000
1392249600 18.000000
1392253200 17.000000
1392256800 15.000000
1392260400 14.000000
1392264000 15.000000
1392267600 15.000000
1392271200 16.000000
1392274800 17.000000
1392278400 18.000000
1392282000 19.000000
1392285600 20.000000
1392289200 20.000000
1392292800 21.000000
1392296400 22.000000
1392300000 24.000000
1392303600 25.000000
1392307200 28.000000
1392310800 31.000000
1392314400 34.000000
1392318000 32.000000
1392321600 29.000000
1392325200 27.000000
1392328800 24.000000
1392332400 22.000000
1392336000 19.000000
1392339600 20.000000
1392343200 20.000000
1392346800 21.000000
1392350400 19.000000
1392354000 18.000000
1392357600 16.000000
1392361200 15.000000
1392364800 15.000000
1392368400 14.000000
1392372000 10.000000
1392375600 5.000000
1392379200 1.000000
1392382800 2.000000
1392386400 2.000000
1392390000 3.000000
1392393600 6.000000
1392397200 9.000000
1392400800 12.000000
1392404400 14.000000
1392408000 16.000000
1392411600 18.000000
1392415200 16.000000
1392418800 14.000000
1392422400 12.000000
1392426000 12.000000
1392429600 12.000000
1392433200 12.000000
1392436800 11.000000
1392440400 10.000000
1392444000 9.000000
1392447600 7.000000
1392451200 5.000000
1392454800 3.000000
1392458400 4.000000
1392462000 4.000000
1392465600 5.000000
1392469200 7.000000
1392472800 10.000000
1392476400 12.000000
1392480000 13.000000
1392483600 15.000000
1392487200 16.000000
1392490800 19.000000
1392494400 22.000000
1392498000 25.000000
1392501600 24.000000
1392505200 22.000000
1392508800 21.000000
1392512400 20.000000
1392516000 20.000000
1392519600 19.000000
1392523200 18.000000
1392526800 17.000000
1392530400 16.000000
1392534000 15.000000
1392537600 15.000000
1392541200 14.000000
1392544800 13.000000
1392548400 11.000000
1392552000 10.000000
1392555600 12.000000
1392559200 14.000000
1392562800 16.000000
1392566400 19.000000
1392570000 22.000000
1392573600 25.000000
1392577200 25.000000
1392580800 25.000000
1392584400 25.000000
1392588000 24.000000
1392591600 24.000000
1392595200 23.000000
1392598800 22.000000
1392602400 22.000000
1392606000 21.000000
1392609600 24.000000
1392613200 27.000000
1392616800 30.000000
1392620400 25.000000
1392624000 21.000000
1392627600 16.000000
1392631200 21.000000
1392634800 25.000000
1392638400 30.000000
1392642000 28.000000
1392645600 27.000000
1392649200 25.000000
1392652800 27.000000
1392656400 30.000000
1392660000 32.000000
1392663600 33.000000
1392667200 33.000000
1392670800 34.000000
1392674400 33.000000
1392678000 33.000000
1392681600 32.000000
1392685200 28.000000
1392688800 25.000000
1392692400 21.000000
1392696000 21.000000
1392699600 21.000000
1392703200 21.000000
1392706800 21.000000
1392710400 21.000000
1392714000 21.000000
1392717600 21.000000
1392721200 21.000000
1392724800 21.000000
1392728400 22.000000
1392732000 22.000000
1392735600 23.000000
1392739200 25.000000
1392742800 26.000000
1392746400 28.000000
1392750000 28.000000
1392753600 27.000000
1392757200 27.000000
1392760800 26.000000
1392764400 24.000000
1392768000 23.000000
1392771600 23.000000
1392775200 23.000000
1392778800 23.000000
1392782400 22.000000
1392786000 22.000000
1392789600 21.000000
1392793200 21.000000
1392796800 21.000000
1392800400 21.000000
1392804000 21.000000
1392807600 21.000000
1392811200 21.000000
1392814800 23.000000
1392818400 25.000000
1392822000 27.000000
1392825600 28.000000
1392829200 29.000000
1392832800 30.000000
1392836400 29.000000
1392840000 29.000000
1392843600 28.000000
1392847200 28.000000
1392850800 27.000000
1392854400 27.000000
1392858000 27.000000
1392861600 27.000000
1392865200 27.000000
1392868800 27.000000
1392872400 27.000000
1392876000 27.000000
1392879600 27.000000
1392883200 27.000000
1392886800 27.000000
1392890400 27.000000
1392894000 27.000000
1392897600 27.000000
1392901200 27.000000
1392904800 28.000000
1392908400 28.000000
1392912000 29.000000
1392915600 31.000000
1392919200 32.000000
