1394085600 10.000000
1394089200 11.000000
1394092800 13.000000
1394096400 14.000000
1394100000 14.000000
1394103600 14.000000
1394107200 14.000000
1394110800 14.000000
1394114400 14.000000
1394118000 14.000000
1394121600 16.000000
1394125200 19.000000
1394128800 21.000000
1394132400 22.000000
1394136000 24.000000
1394139600 25.000000
1394143200 27.000000
1394146800 30.000000
1394150400 32.000000
1394154000 34.000000
1394157600 35.000000
1394161200 37.000000
1394164800 33.000000
1394168400 29.000000
1394172000 25.000000
1394175600 24.000000
1394179200 22.000000
1394182800 21.000000
1394186400 24.000000
1394190000 27.000000
1394193600 30.000000
1394197200 31.000000
1394200800 31.000000
1394204400 32.000000
1394208000 33.000000
1394211600 35.000000
1394215200 36.000000
1394218800 34.000000
1394222400 32.000000
1394226000 30.000000
1394229600 29.000000
1394233200 29.000000
1394236800 28.000000
1394240400 27.000000
1394244000 26.000000
1394247600 25.000000
1394251200 24.000000
1394254800 22.000000
1394258400 21.000000
1394262000 18.000000
1394265600 15.000000
1394269200 12.000000
1394272800 13.000000
1394276400 15.000000
1394280000 16.000000
1394283600 17.000000
1394287200 18.000000
1394290800 19.000000
1394294400 22.000000
1394298000 24.000000
1394301600 27.000000
1394305200 26.000000
1394308800 26.000000
1394312400 25.000000
1394316000 24.000000
1394319600 22.000000
1394323200 21.000000
1394326800 20.000000
1394330400 19.000000
1394334000 18.000000
1394337600 17.000000
1394341200 15.000000
1394344800 14.000000
1394348400 15.000000
1394352000 15.000000
1394355600 16.000000
1394359200 14.000000
1394362800 12.000000
1394366400 10.000000
1394370000 17.000000
1394373600 25.000000
1394377200 32.000000
1394380800 31.000000
1394384400 31.000000
1394388000 30.000000
1394391600 34.000000
1394395200 39.000000
1394398800 43.000000
1394402400 41.000000
1394406000 38.000000
1394409600 36.000000
1394413200 38.000000
1394416800 41.000000
1394420400 43.000000
1394424000 38.000000
1394427600 33.000000
1394431200 28.000000
1394434800 28.000000
1394438400 28.000000
1394442000 28.000000
1394445600 31.000000
1394449200 34.000000
1394452800 37.000000
1394456400 38.000000
1394460000 40.000000
1394463600 41.000000
1394467200 40.000000
1394470800 40.000000
1394474400 39.000000
1394478000 41.000000
1394481600 44.000000
1394485200 46.000000
1394488800 43.000000
1394492400 40.000000
1394496000 37.000000
1394499600 35.000000
1394503200 34.000000
1394506800 32.000000
1394510400 35.000000
1394514000 38.000000
1394517600 41.000000
1394521200 38.000000
1394524800 35.000000
1394528400 32.000000
1394532000 34.000000
1394535600 35.000000
1394539200 37.000000
1394542800 35.000000
1394546400 32.000000
1394550000 30.000000
1394553600 33.000000
1394557200 36.000000
1394560800 39.000000
1394564400 38.000000
1394568000 38.000000
1394571600 37.000000
1394575200 36.000000
1394578800 35.000000
1394582400 34.000000
1394586000 33.000000
1394589600 31.000000
1394593200 30.000000
1394596800 29.000000
1394600400 29.000000
1394604000 28.000000
1394607600 27.000000
1394611200 26.000000
1394614800 25.000000
1394618400 23.000000
1394622000 21.000000
1394625600 19.000000
1394629200 21.000000
1394632800 23.000000
1394636400 25.000000
1394640000 27.000000
1394643600 28.000000
1394647200 30.000000
1394650800 30.000000
1394654400 30.000000
1394658000 30.000000
1394661600 30.000000
1394665200 30.000000
1394668800 30.000000
1394672400 29.000000
1394676000 28.000000
1394679600 27.000000
1394683200 26.000000
1394686800 24.000000
1394690400 23.000000
1394694000 24.000000
1394697600 24.000000
1394701200 25.000000
1394704800 20.000000
1394708400 15.000000
1394712000 10.000000
1394715600 13.000000
1394719200 15.000000
1394722800 18.000000
1394726400 20.000000
1394730000 21.000000
1394733600 23.000000
1394737200 25.000000
1394740800 26.000000
1394744400 28.000000
1394748000 28.000000
1394751600 28.000000
1394755200 28.000000
1394758800 28.000000
1394762400 28.000000
1394766000 28.000000
1394769600 27.000000
1394773200 26.000000
1394776800 25.000000
1394780400 23.000000
1394784000 20.000000
1394787600 18.000000
1394791200 17.000000
1394794800 17.000000
1394798400 16.000000
1394802000 17.000000
1394805600 18.000000
1394809200 19.000000
1394812800 21.000000
1394816400 23.000000
1394820000 25.000000
1394823600 26.000000
1394827200 27.000000
1394830800 28.000000
1394834400 28.000000
1394838000 28.000000
1394841600 28.000000
1394845200 28.000000
1394848800 27.000000
1394852400 27.000000
1394856000 27.000000
1394859600 27.000000
1394863200 27.000000
1394866800 23.000000
1394870400 20.000000
1394874000 16.000000
1394877600 15.000000
1394881200 13.000000
1394884800 12.000000
1394888400 14.000000
1394892000 16.000000
1394895600 18.000000
1394899200 20.000000
1394902800 23.000000
1394906400 25.000000
1394910000 24.000000
1394913600 24.000000
1394917200 23.000000
1394920800 23.000000
1394924400 23.000000
1394928000 23.000000
1394931600 22.000000
1394935200 22.000000
1394938800 21.000000
1394942400 19.000000
1394946000 18.000000
