1389844800 24.000000
1389848400 26.000000
1389852000 27.000000
1389855600 27.000000
1389859200 27.000000
1389862800 27.000000
1389866400 29.000000
1389870000 32.000000
1389873600 34.000000
1389877200 35.000000
1389880800 35.000000
1389884400 36.000000
1389888000 29.000000
1389891600 23.000000
1389895200 16.000000
1389898800 15.000000
1389902400 15.000000
1389906000 14.000000
1389909600 14.000000
1389913200 14.000000
1389916800 14.000000
1389920400 13.000000
1389924000 11.000000
1389927600 10.000000
1389931200 9.000000
1389934800 8.000000
1389938400 7.000000
1389942000 5.000000
1389945600 3.000000
1389949200 1.000000
1389952800 2.000000
1389956400 2.000000
1389960000 3.000000
1389963600 5.000000
1389967200 7.000000
1389970800 9.000000
1389974400 9.000000
1389978000 10.000000
1389981600 10.000000
1389985200 10.000000
1389988800 10.000000
1389992400 10.000000
1389996000 9.000000
1389999600 8.000000
1390003200 7.000000
1390006800 9.000000
1390010400 12.000000
1390014000 14.000000
1390017600 15.000000
1390021200 15.000000
1390024800 16.000000
1390028400 13.000000
1390032000 10.000000
1390035600 7.000000
1390039200 12.000000
1390042800 16.000000
1390046400 21.000000
1390050000 21.000000
1390053600 21.000000
1390057200 21.000000
1390060800 22.000000
1390064400 22.000000
1390068000 23.000000
1390071600 22.000000
1390075200 20.000000
1390078800 19.000000
1390082400 20.000000
1390086000 22.000000
1390089600 23.000000
1390093200 22.000000
1390096800 22.000000
1390100400 21.000000
1390104000 19.000000
1390107600 16.000000
1390111200 14.000000
1390114800 14.000000
1390118400 14.000000
1390122000 14.000000
1390125600 15.000000
1390129200 15.000000
1390132800 16.000000
1390136400 17.000000
1390140000 17.000000
1390143600 18.000000
1390147200 26.000000
1390150800 35.000000
1390154400 43.000000
1390158000 38.000000
1390161600 32.000000
1390165200 27.000000
1390168800 26.000000
1390172400 26.000000
1390176000 25.000000
1390179600 24.000000
1390183200 22.000000
1390186800 21.000000
1390190400 20.000000
1390194000 19.000000
1390197600 18.000000
1390201200 14.000000
1390204800 11.000000
1390208400 7.000000
1390212000 14.000000
1390215600 21.000000
1390219200 28.000000
1390222800 28.000000
1390226400 27.000000
1390230000 27.000000
1390233600 26.000000
1390237200 24.000000
1390240800 23.000000
1390244400 25.000000
1390248000 26.000000
1390251600 28.000000
1390255200 26.000000
1390258800 23.000000
1390262400 21.000000
1390266000 20.000000
1390269600 19.000000
1390273200 18.000000
1390276800 17.000000
1390280400 17.000000
1390284000 16.000000
1390287600 12.000000
1390291200 7.000000
1390294800 3.000000
1390298400 5.000000
1390302000 7.000000
1390305600 9.000000
1390309200 7.000000
1390312800 5.000000
1390316400 3.000000
1390320000 7.000000
1390323600 10.000000
1390327200 14.000000
1390330800 14.000000
1390334400 14.000000
1390338000 14.000000
1390341600 13.000000
1390345200 13.000000
1390348800 12.000000
1390352400 11.000000
1390356000 11.000000
1390359600 10.000000
1390363200 8.000000
1390366800 7.000000
1390370400 5.000000
1390374000 1.000000
1390377600 -1.000000
1390381200 -5.000000
1390384800 -1.000000
1390388400 1.000000
1390392000 5.000000
1390395600 6.000000
1390399200 8.000000
1390402800 9.000000
1390406400 11.000000
1390410000 12.000000
1390413600 14.000000
1390417200 15.000000
1390420800 17.000000
1390424400 18.000000
1390428000 14.000000
1390431600 9.000000
1390435200 5.000000
1390438800 8.000000
1390442400 11.000000
1390446000 14.000000
1390449600 13.000000
1390453200 13.000000
1390456800 12.000000
1390460400 13.000000
1390464000 13.000000
1390467600 14.000000
1390471200 15.000000
1390474800 17.000000
1390478400 18.000000
1390482000 19.000000
1390485600 20.000000
1390489200 21.000000
1390492800 22.000000
1390496400 24.000000
1390500000 25.000000
1390503600 25.000000
1390507200 25.000000
1390510800 25.000000
1390514400 26.000000
1390518000 27.000000
1390521600 28.000000
1390525200 25.000000
1390528800 22.000000
1390532400 19.000000
1390536000 17.000000
1390539600 14.000000
1390543200 12.000000
1390546800 13.000000
1390550400 15.000000
1390554000 16.000000
1390557600 15.000000
1390561200 15.000000
1390564800 14.000000
1390568400 12.000000
1390572000 11.000000
1390575600 9.000000
1390579200 12.000000
1390582800 16.000000
1390586400 19.000000
1390590000 19.000000
1390593600 18.000000
1390597200 18.000000
1390600800 18.000000
1390604400 18.000000
1390608000 18.000000
1390611600 17.000000
1390615200 17.000000
1390618800 16.000000
1390622400 16.000000
1390626000 16.000000
1390629600 16.000000
1390633200 16.000000
1390636800 16.000000
1390640400 16.000000
1390644000 16.000000
1390647600 16.000000
1390651200 16.000000
1390654800 17.000000
1390658400 17.000000
1390662000 18.000000
1390665600 19.000000
1390669200 20.000000
1390672800 21.000000
1390676400 20.000000
1390680000 20.000000
1390683600 19.000000
1390687200 18.000000
1390690800 17.000000
1390694400 16.000000
1390698000 15.000000
1390701600 15.000000
1390705200 14.000000
