1391799600 8.000000
1391803200 9.000000
1391806800 10.000000
1391810400 10.000000
1391814000 9.000000
1391817600 9.000000
1391821200 7.000000
1391824800 5.000000
1391828400 3.000000
1391832000 2.000000
1391835600 1.000000
1391839200 0.000000
1391842800 0.000000
1391846400 0.000000
1391850000 -1.000000
1391853600 -4.000000
1391857200 -7.000000
1391860800 -10.000000
1391864400 -6.000000
1391868000 -3.000000
1391871600 0.000000
1391875200 5.000000
1391878800 11.000000
1391882400 16.000000
1391886000 15.000000
1391889600 13.000000
1391893200 12.000000
1391896800 11.000000
1391900400 11.000000
1391904000 10.000000
1391907600 7.000000
1391911200 3.000000
1391914800 0.000000
1391918400 0.000000
1391922000 0.000000
1391925600 0.000000
1391929200 0.000000
1391932800 0.000000
1391936400 0.000000
1391940000 0.000000
1391943600 -2.000000
1391947200 -3.000000
1391950800 -2.000000
1391954400 -2.000000
1391958000 -1.000000
1391961600 0.000000
1391965200 3.000000
1391968800 5.000000
1391972400 6.000000
1391976000 6.000000
1391979600 7.000000
1391983200 6.000000
1391986800 4.000000
1391990400 3.000000
1391994000 2.000000
1391997600 2.000000
1392001200 1.000000
1392004800 0.000000
1392008400 -3.000000
1392012000 -5.000000
1392015600 -7.000000
1392019200 -8.000000
1392022800 -10.000000
1392026400 -11.000000
1392030000 -11.000000
1392033600 -12.000000
1392037200 -11.000000
1392040800 -9.000000
1392044400 -8.000000
1392048000 -6.000000
1392051600 -3.000000
1392055200 -1.000000
1392058800 0.000000
1392062400 1.000000
1392066000 3.000000
1392069600 1.000000
1392073200 0.000000
1392076800 -1.000000
1392080400 -2.000000
1392084000 -2.000000
1392087600 -3.000000
1392091200 -5.000000
1392094800 -6.000000
1392098400 -8.000000
1392102000 -9.000000
1392105600 -11.000000
1392109200 -12.000000
1392112800 -11.000000
1392116400 -9.000000
1392120000 -8.000000
1392123600 -8.000000
1392127200 -7.000000
1392130800 -7.000000
1392134400 -3.000000
1392138000 0.000000
1392141600 3.000000
1392145200 4.000000
1392148800 6.000000
1392152400 7.000000
1392156000 9.000000
1392159600 12.000000
1392163200 14.000000
1392166800 12.000000
1392170400 9.000000
1392174000 7.000000
1392177600 7.000000
1392181200 7.000000
1392184800 7.000000
1392188400 8.000000
1392192000 9.000000
1392195600 10.000000
1392199200 10.000000
1392202800 10.000000
1392206400 10.000000
1392210000 11.000000
1392213600 11.000000
1392217200 12.000000
1392220800 16.000000
1392224400 19.000000
1392228000 23.000000
1392231600 24.000000
1392235200 24.000000
1392238800 25.000000
1392242400 23.000000
1392246000 21.000000
1392249600 19.000000
1392253200 20.000000
1392256800 22.000000
1392260400 23.000000
1392264000 22.000000
1392267600 20.000000
1392271200 19.000000
1392274800 19.000000
1392278400 19.000000
1392282000 19.000000
1392285600 17.000000
1392289200 16.000000
1392292800 14.000000
1392296400 15.000000
1392300000 15.000000
1392303600 16.000000
1392307200 18.000000
1392310800 21.000000
1392314400 23.000000
1392318000 22.000000
1392321600 20.000000
1392325200 19.000000
1392328800 18.000000
1392332400 17.000000
1392336000 16.000000
1392339600 15.000000
1392343200 13.000000
1392346800 12.000000
1392350400 14.000000
1392354000 17.000000
1392357600 19.000000
1392361200 16.000000
1392364800 12.000000
1392368400 9.000000
1392372000 8.000000
1392375600 8.000000
1392379200 7.000000
1392382800 9.000000
1392386400 10.000000
1392390000 12.000000
1392393600 14.000000
1392397200 16.000000
1392400800 18.000000
1392404400 18.000000
1392408000 19.000000
1392411600 19.000000
1392415200 19.000000
1392418800 18.000000
1392422400 18.000000
1392426000 15.000000
1392429600 13.000000
1392433200 10.000000
1392436800 10.000000
1392440400 9.000000
1392444000 9.000000
1392447600 9.000000
1392451200 9.000000
1392454800 9.000000
1392458400 8.000000
1392462000 8.000000
1392465600 7.000000
1392469200 8.000000
1392472800 8.000000
1392476400 9.000000
1392480000 11.000000
1392483600 12.000000
1392487200 14.000000
1392490800 13.000000
1392494400 11.000000
1392498000 10.000000
1392501600 10.000000
1392505200 9.000000
1392508800 9.000000
1392512400 8.000000
1392516000 8.000000
1392519600 7.000000
1392523200 6.000000
1392526800 6.000000
1392530400 5.000000
1392534000 4.000000
1392537600 4.000000
1392541200 3.000000
1392544800 3.000000
1392548400 3.000000
1392552000 3.000000
1392555600 5.000000
1392559200 7.000000
1392562800 9.000000
1392566400 10.000000
1392570000 11.000000
1392573600 12.000000
1392577200 11.000000
1392580800 11.000000
1392584400 10.000000
1392588000 10.000000
1392591600 9.000000
1392595200 9.000000
1392598800 8.000000
1392602400 8.000000
1392606000 7.000000
1392609600 6.000000
1392613200 6.000000
1392616800 5.000000
1392620400 4.000000
1392624000 4.000000
1392627600 3.000000
1392631200 2.000000
1392634800 2.000000
1392638400 1.000000
1392642000 3.000000
1392645600 5.000000
1392649200 7.000000
1392652800 9.000000
1392656400 10.000000
1392660000 12.000000
