1389931200 6.000000
1389934800 4.000000
1389938400 3.000000
1389942000 4.000000
1389945600 4.000000
1389949200 5.000000
1389952800 4.000000
1389956400 4.000000
1389960000 3.000000
1389963600 2.000000
1389967200 2.000000
1389970800 1.000000
1389974400 3.000000
1389978000 5.000000
1389981600 7.000000
1389985200 8.000000
1389988800 9.000000
1389992400 10.000000
1389996000 10.000000
1389999600 9.000000
1390003200 9.000000
1390006800 9.000000
1390010400 9.000000
1390014000 9.000000
1390017600 9.000000
1390021200 10.000000
1390024800 10.000000
1390028400 9.000000
1390032000 8.000000
1390035600 7.000000
1390039200 11.000000
1390042800 15.000000
1390046400 19.000000
1390050000 19.000000
1390053600 19.000000
1390057200 19.000000
1390060800 19.000000
1390064400 18.000000
1390068000 18.000000
1390071600 18.000000
1390075200 19.000000
1390078800 19.000000
1390082400 19.000000
1390086000 18.000000
1390089600 18.000000
1390093200 18.000000
1390096800 18.000000
1390100400 18.000000
1390104000 17.000000
1390107600 17.000000
1390111200 16.000000
1390114800 15.000000
1390118400 13.000000
1390122000 12.000000
1390125600 17.000000
1390129200 22.000000
1390132800 27.000000
1390136400 26.000000
1390140000 24.000000
1390143600 23.000000
1390147200 27.000000
1390150800 30.000000
1390154400 34.000000
1390158000 33.000000
1390161600 31.000000
1390165200 30.000000
1390168800 28.000000
1390172400 27.000000
1390176000 25.000000
1390179600 23.000000
1390183200 21.000000
1390186800 19.000000
1390190400 19.000000
1390194000 18.000000
1390197600 18.000000
1390201200 11.000000
1390204800 3.000000
1390208400 -3.000000
1390212000 3.000000
1390215600 9.000000
1390219200 16.000000
1390222800 17.000000
1390226400 17.000000
1390230000 18.000000
1390233600 15.000000
1390237200 13.000000
1390240800 10.000000
1390244400 9.000000
1390248000 8.000000
1390251600 7.000000
1390255200 6.000000
1390258800 4.000000
1390262400 3.000000
1390266000 2.000000
1390269600 1.000000
1390273200 0.000000
1390276800 -1.000000
1390280400 -3.000000
1390284000 -5.000000
1390287600 -8.000000
1390291200 -11.000000
1390294800 -14.000000
1390298400 -10.000000
1390302000 -7.000000
1390305600 -3.000000
1390309200 -3.000000
1390312800 -3.000000
1390316400 -3.000000
1390320000 -3.000000
1390323600 -3.000000
1390327200 -3.000000
1390330800 -2.000000
1390334400 0.000000
1390338000 0.000000
1390341600 0.000000
1390345200 -2.000000
1390348800 -3.000000
1390352400 -2.000000
1390356000 -2.000000
1390359600 -1.000000
1390363200 -1.000000
1390366800 -1.000000
1390370400 -1.000000
1390374000 -5.000000
1390377600 -8.000000
1390381200 -12.000000
1390384800 -8.000000
1390388400 -5.000000
1390392000 -1.000000
1390395600 0.000000
1390399200 0.000000
1390402800 0.000000
1390406400 0.000000
1390410000 0.000000
1390413600 0.000000
1390417200 0.000000
1390420800 1.000000
1390424400 1.000000
1390428000 1.000000
1390431600 1.000000
1390435200 1.000000
1390438800 0.000000
1390442400 0.000000
1390446000 -1.000000
1390449600 -2.000000
1390453200 -4.000000
1390456800 -5.000000
1390460400 -8.000000
1390464000 -11.000000
1390467600 -14.000000
1390471200 -10.000000
1390474800 -7.000000
1390478400 -3.000000
1390482000 -1.000000
1390485600 0.000000
1390489200 1.000000
1390492800 3.000000
1390496400 5.000000
1390500000 7.000000
1390503600 8.000000
1390507200 8.000000
1390510800 9.000000
1390514400 8.000000
1390518000 6.000000
1390521600 5.000000
1390525200 6.000000
1390528800 8.000000
1390532400 9.000000
1390536000 9.000000
1390539600 9.000000
1390543200 9.000000
1390546800 8.000000
1390550400 8.000000
1390554000 7.000000
1390557600 4.000000
1390561200 1.000000
1390564800 -1.000000
1390568400 1.000000
1390572000 4.000000
1390575600 7.000000
1390579200 8.000000
1390582800 9.000000
1390586400 10.000000
1390590000 11.000000
1390593600 11.000000
1390597200 12.000000
1390600800 13.000000
1390604400 15.000000
1390608000 16.000000
1390611600 13.000000
1390615200 10.000000
1390618800 7.000000
1390622400 5.000000
1390626000 2.000000
1390629600 0.000000
1390633200 2.000000
1390636800 3.000000
1390640400 5.000000
1390644000 4.000000
1390647600 4.000000
1390651200 3.000000
1390654800 -1.000000
1390658400 -7.000000
1390662000 -12.000000
1390665600 -4.000000
1390669200 2.000000
1390672800 10.000000
1390676400 10.000000
1390680000 10.000000
1390683600 10.000000
1390687200 10.000000
1390690800 9.000000
1390694400 9.000000
1390698000 8.000000
1390701600 8.000000
1390705200 7.000000
1390708800 6.000000
1390712400 4.000000
1390716000 3.000000
1390719600 2.000000
1390723200 2.000000
1390726800 1.000000
1390730400 1.000000
1390734000 0.000000
1390737600 0.000000
1390741200 0.000000
1390744800 1.000000
1390748400 1.000000
1390752000 2.000000
1390755600 4.000000
1390759200 5.000000
1390762800 4.000000
1390766400 4.000000
1390770000 3.000000
1390773600 2.000000
1390777200 2.000000
1390780800 1.000000
1390784400 1.000000
1390788000 0.000000
1390791600 0.000000
