1394906400 28.000000
1394910000 29.000000
1394913600 29.000000
1394917200 30.000000
1394920800 29.000000
1394924400 28.000000
1394928000 27.000000
1394931600 25.000000
1394935200 23.000000
1394938800 21.000000
1394942400 19.000000
1394946000 18.000000
1394949600 16.000000
1394953200 14.000000
1394956800 11.000000
1394960400 9.000000
1394964000 8.000000
1394967600 6.000000
1394971200 5.000000
1394974800 7.000000
1394978400 10.000000
1394982000 12.000000
1394985600 15.000000
1394989200 18.000000
1394992800 21.000000
1394996400 23.000000
1395000000 26.000000
1395003600 28.000000
1395007200 26.000000
1395010800 25.000000
1395014400 23.000000
1395018000 22.000000
1395021600 20.000000
1395025200 19.000000
1395028800 19.000000
1395032400 18.000000
1395036000 18.000000
1395039600 21.000000
1395043200 24.000000
1395046800 27.000000
1395050400 26.000000
1395054000 26.000000
1395057600 25.000000
1395061200 26.000000
1395064800 27.000000
1395068400 28.000000
1395072000 29.000000
1395075600 29.000000
1395079200 30.000000
1395082800 32.000000
1395086400 35.000000
1395090000 37.000000
1395093600 36.000000
1395097200 35.000000
1395100800 34.000000
1395104400 34.000000
1395108000 34.000000
1395111600 34.000000
1395115200 32.000000
1395118800 29.000000
1395122400 27.000000
1395126000 29.000000
1395129600 32.000000
1395133200 34.000000
1395136800 32.000000
1395140400 29.000000
1395144000 27.000000
1395147600 30.000000
1395151200 33.000000
1395154800 36.000000
1395158400 37.000000
1395162000 38.000000
1395165600 39.000000
1395169200 40.000000
1395172800 40.000000
1395176400 41.000000
1395180000 41.000000
1395183600 41.000000
1395187200 41.000000
1395190800 40.000000
1395194400 40.000000
1395198000 39.000000
1395201600 38.000000
1395205200 38.000000
1395208800 37.000000
1395212400 36.000000
1395216000 35.000000
1395219600 34.000000
1395223200 31.000000
1395226800 28.000000
1395230400 25.000000
1395234000 26.000000
1395237600 27.000000
1395241200 28.000000
1395244800 29.000000
1395248400 31.000000
1395252000 32.000000
1395255600 33.000000
1395259200 35.000000
1395262800 36.000000
1395266400 36.000000
1395270000 37.000000
1395273600 37.000000
1395277200 36.000000
1395280800 35.000000
1395284400 34.000000
1395288000 30.000000
1395291600 27.000000
1395295200 23.000000
1395298800 24.000000
1395302400 26.000000
1395306000 27.000000
1395309600 23.000000
1395313200 18.000000
1395316800 14.000000
1395320400 18.000000
1395324000 21.000000
1395327600 25.000000
1395331200 28.000000
1395334800 31.000000
1395338400 34.000000
1395342000 35.000000
1395345600 36.000000
1395349200 37.000000
1395352800 37.000000
1395356400 37.000000
1395360000 37.000000
1395363600 38.000000
1395367200 40.000000
1395370800 41.000000
1395374400 40.000000
1395378000 40.000000
1395381600 39.000000
1395385200 37.000000
1395388800 36.000000
1395392400 34.000000
1395396000 31.000000
1395399600 28.000000
1395403200 25.000000
1395406800 29.000000
1395410400 33.000000
1395414000 37.000000
1395417600 38.000000
1395421200 38.000000
1395424800 39.000000
1395428400 44.000000
1395432000 49.000000
1395435600 54.000000
1395439200 51.000000
1395442800 48.000000
1395446400 45.000000
1395450000 44.000000
1395453600 44.000000
1395457200 43.000000
1395460800 36.000000
1395464400 30.000000
1395468000 23.000000
1395471600 27.000000
1395475200 32.000000
1395478800 36.000000
1395482400 32.000000
1395486000 27.000000
1395489600 23.000000
1395493200 25.000000
1395496800 28.000000
1395500400 30.000000
1395504000 36.000000
1395507600 42.000000
1395511200 48.000000
1395514800 48.000000
1395518400 48.000000
1395522000 48.000000
1395525600 46.000000
1395529200 43.000000
1395532800 41.000000
1395536400 40.000000
1395540000 38.000000
1395543600 37.000000
1395547200 37.000000
1395550800 36.000000
1395554400 36.000000
1395558000 35.000000
1395561600 35.000000
1395565200 34.000000
1395568800 29.000000
1395572400 23.000000
1395576000 18.000000
1395579600 20.000000
1395583200 21.000000
1395586800 23.000000
1395590400 25.000000
1395594000 26.000000
1395597600 28.000000
1395601200 33.000000
1395604800 38.000000
1395608400 43.000000
1395612000 41.000000
1395615600 39.000000
1395619200 37.000000
1395622800 37.000000
1395626400 36.000000
1395630000 36.000000
1395633600 35.000000
1395637200 35.000000
1395640800 34.000000
1395644400 30.000000
1395648000 25.000000
1395651600 21.000000
1395655200 20.000000
1395658800 20.000000
1395662400 19.000000
1395666000 20.000000
1395669600 22.000000
1395673200 23.000000
1395676800 24.000000
1395680400 26.000000
1395684000 27.000000
1395687600 31.000000
1395691200 35.000000
1395694800 39.000000
1395698400 37.000000
1395702000 34.000000
1395705600 32.000000
1395709200 31.000000
1395712800 29.000000
1395716400 28.000000
1395720000 25.000000
1395723600 21.000000
1395727200 18.000000
1395730800 17.000000
1395734400 17.000000
1395738000 16.000000
1395741600 15.000000
1395745200 15.000000
1395748800 14.000000
1395752400 16.000000
1395756000 17.000000
1395759600 19.000000
1395763200 22.000000
1395766800 24.000000
