1388293200 17.000000
1388296800 12.000000
1388300400 11.000000
1388304000 10.000000
1388307600 9.000000
1388311200 7.000000
1388314800 5.000000
1388318400 3.000000
1388322000 1.000000
1388325600 -1.000000
1388329200 -3.000000
1388332800 -3.000000
1388336400 -3.000000
1388340000 -3.000000
1388343600 -2.000000
1388347200 -2.000000
1388350800 -1.000000
1388354400 -2.000000
1388358000 -4.000000
1388361600 -5.000000
1388365200 -4.000000
1388368800 -4.000000
1388372400 -3.000000
1388376000 -4.000000
1388379600 -4.000000
1388383200 -5.000000
1388386800 -9.000000
1388390400 -12.000000
1388394000 -16.000000
1388397600 -14.000000
1388401200 -12.000000
1388404800 -10.000000
1388408400 -9.000000
1388412000 -8.000000
1388415600 -7.000000
1388419200 -4.000000
1388422800 -2.000000
1388426400 0.000000
1388430000 0.000000
1388433600 0.000000
1388437200 0.000000
1388440800 1.000000
1388444400 2.000000
1388448000 3.000000
1388451600 3.000000
1388455200 3.000000
1388458800 3.000000
1388462400 2.000000
1388466000 1.000000
1388469600 0.000000
1388473200 -1.000000
1388476800 -3.000000
1388480400 -5.000000
1388484000 -4.000000
1388487600 -4.000000
1388491200 -3.000000
1388494800 -3.000000
1388498400 -3.000000
1388502000 -3.000000
1388505600 -4.000000
1388509200 -4.000000
1388512800 -5.000000
1388516400 -4.000000
1388520000 -4.000000
1388523600 -3.000000
1388527200 -1.000000
1388530800 1.000000
1388534400 3.000000
1388538000 0.000000
1388541600 -4.000000
1388545200 -8.000000
1388548800 -10.000000
1388552400 -12.000000
1388556000 -14.000000
1388559600 -12.000000
1388563200 -10.000000
1388566800 -8.000000
1388570400 -8.000000
1388574000 -7.000000
1388577600 -7.000000
1388581200 -6.000000
1388584800 -4.000000
1388588400 -3.000000
1388592000 -4.000000
1388595600 -6.000000
1388599200 -7.000000
1388602800 -5.000000
1388606400 -3.000000
1388610000 -1.000000
1388613600 0.000000
1388617200 3.000000
1388620800 5.000000
1388624400 5.000000
1388628000 5.000000
1388631600 5.000000
1388635200 4.000000
1388638800 2.000000
1388642400 1.000000
1388646000 1.000000
1388649600 0.000000
1388653200 0.000000
1388656800 0.000000
1388660400 1.000000
1388664000 1.000000
1388667600 0.000000
1388671200 -3.000000
1388674800 -5.000000
1388678400 -3.000000
1388682000 0.000000
1388685600 1.000000
1388689200 2.000000
1388692800 2.000000
1388696400 3.000000
1388700000 3.000000
1388703600 3.000000
1388707200 3.000000
1388710800 2.000000
1388714400 2.000000
1388718000 1.000000
1388721600 2.000000
1388725200 2.000000
1388728800 3.000000
1388732400 1.000000
1388736000 0.000000
1388739600 -1.000000
1388743200 0.000000
1388746800 0.000000
1388750400 0.000000
1388754000 3.000000
1388757600 7.000000
1388761200 10.000000
1388764800 14.000000
1388768400 19.000000
1388772000 23.000000
1388775600 25.000000
1388779200 26.000000
1388782800 28.000000
1388786400 28.000000
1388790000 27.000000
1388793600 27.000000
1388797200 26.000000
1388800800 24.000000
1388804400 23.000000
1388808000 22.000000
1388811600 22.000000
1388815200 21.000000
1388818800 20.000000
1388822400 20.000000
1388826000 19.000000
1388829600 19.000000
1388833200 19.000000
1388836800 19.000000
1388840400 18.000000
1388844000 17.000000
1388847600 16.000000
1388851200 17.000000
1388854800 17.000000
1388858400 18.000000
1388862000 20.000000
1388865600 21.000000
1388869200 23.000000
1388872800 30.000000
1388876400 36.000000
1388880000 43.000000
1388883600 34.000000
1388887200 25.000000
1388890800 16.000000
1388894400 14.000000
1388898000 12.000000
1388901600 10.000000
1388905200 9.000000
1388908800 8.000000
1388912400 7.000000
1388916000 11.000000
1388919600 15.000000
1388923200 19.000000
1388926800 14.000000
1388930400 10.000000
1388934000 5.000000
1388937600 6.000000
1388941200 8.000000
1388944800 9.000000
1388948400 15.000000
1388952000 22.000000
1388955600 28.000000
1388959200 27.000000
1388962800 26.000000
1388966400 25.000000
1388970000 24.000000
1388973600 22.000000
1388977200 21.000000
1388980800 19.000000
1388984400 18.000000
1388988000 16.000000
1388991600 11.000000
1388995200 6.000000
1388998800 1.000000
1389002400 1.000000
1389006000 1.000000
1389009600 1.000000
1389013200 2.000000
1389016800 4.000000
1389020400 5.000000
1389024000 6.000000
1389027600 8.000000
1389031200 9.000000
1389034800 9.000000
1389038400 9.000000
1389042000 9.000000
1389045600 8.000000
1389049200 8.000000
1389052800 7.000000
1389056400 6.000000
1389060000 4.000000
1389063600 3.000000
1389067200 2.000000
1389070800 2.000000
1389074400 1.000000
1389078000 1.000000
1389081600 0.000000
1389085200 0.000000
1389088800 0.000000
1389092400 0.000000
1389096000 -1.000000
1389099600 0.000000
1389103200 0.000000
1389106800 1.000000
1389110400 2.000000
1389114000 4.000000
1389117600 5.000000
1389121200 4.000000
1389124800 4.000000
1389128400 3.000000
1389132000 2.000000
1389135600 2.000000
1389139200 1.000000
1389142800 1.000000
1389146400 0.000000
1389150000 0.000000
1389153600 0.000000
