1393912800 10.000000
1393916400 8.000000
1393920000 5.000000
1393923600 3.000000
1393927200 4.000000
1393930800 6.000000
1393934400 7.000000
1393938000 8.000000
1393941600 9.000000
1393945200 10.000000
1393948800 13.000000
1393952400 16.000000
1393956000 19.000000
1393959600 19.000000
1393963200 19.000000
1393966800 19.000000
1393970400 19.000000
1393974000 18.000000
1393977600 18.000000
1393981200 18.000000
1393984800 18.000000
1393988400 18.000000
1393992000 18.000000
1393995600 18.000000
1393999200 18.000000
1394002800 15.000000
1394006400 13.000000
1394010000 10.000000
1394013600 11.000000
1394017200 11.000000
1394020800 12.000000
1394024400 11.000000
1394028000 11.000000
1394031600 10.000000
1394035200 13.000000
1394038800 16.000000
1394042400 19.000000
1394046000 20.000000
1394049600 22.000000
1394053200 23.000000
1394056800 23.000000
1394060400 23.000000
1394064000 23.000000
1394067600 22.000000
1394071200 22.000000
1394074800 21.000000
1394078400 19.000000
1394082000 16.000000
1394085600 14.000000
1394089200 13.000000
1394092800 13.000000
1394096400 12.000000
1394100000 12.000000
1394103600 12.000000
1394107200 12.000000
1394110800 15.000000
1394114400 18.000000
1394118000 21.000000
1394121600 24.000000
1394125200 27.000000
1394128800 30.000000
1394132400 31.000000
1394136000 33.000000
1394139600 34.000000
1394143200 32.000000
1394146800 29.000000
1394150400 27.000000
1394154000 29.000000
1394157600 32.000000
1394161200 34.000000
1394164800 30.000000
1394168400 25.000000
1394172000 21.000000
1394175600 23.000000
1394179200 26.000000
1394182800 28.000000
1394186400 25.000000
1394190000 22.000000
1394193600 19.000000
1394197200 20.000000
1394200800 20.000000
1394204400 21.000000
1394208000 23.000000
1394211600 25.000000
1394215200 27.000000
1394218800 26.000000
1394222400 26.000000
1394226000 25.000000
1394229600 26.000000
1394233200 27.000000
1394236800 28.000000
1394240400 25.000000
1394244000 21.000000
1394247600 18.000000
1394251200 17.000000
1394254800 15.000000
1394258400 14.000000
1394262000 9.000000
1394265600 5.000000
1394269200 0.000000
1394272800 3.000000
1394276400 7.000000
1394280000 10.000000
1394283600 10.000000
1394287200 10.000000
1394290800 10.000000
1394294400 12.000000
1394298000 14.000000
1394301600 16.000000
1394305200 18.000000
1394308800 19.000000
1394312400 21.000000
1394316000 22.000000
1394319600 22.000000
1394323200 23.000000
1394326800 18.000000
1394330400 14.000000
1394334000 9.000000
1394337600 11.000000
1394341200 12.000000
1394344800 14.000000
1394348400 4.000000
1394352000 -6.000000
1394355600 -16.000000
1394359200 -6.000000
1394362800 4.000000
1394366400 14.000000
1394370000 13.000000
1394373600 11.000000
1394377200 10.000000
1394380800 14.000000
1394384400 17.000000
1394388000 21.000000
1394391600 22.000000
1394395200 24.000000
1394398800 25.000000
1394402400 27.000000
1394406000 28.000000
1394409600 30.000000
1394413200 28.000000
1394416800 25.000000
1394420400 23.000000
1394424000 24.000000
1394427600 24.000000
1394431200 25.000000
1394434800 28.000000
1394438400 31.000000
1394442000 34.000000
1394445600 30.000000
1394449200 27.000000
1394452800 23.000000
1394456400 25.000000
1394460000 26.000000
1394463600 28.000000
1394467200 30.000000
1394470800 32.000000
1394474400 34.000000
1394478000 35.000000
1394481600 35.000000
1394485200 36.000000
1394488800 35.000000
1394492400 35.000000
1394496000 34.000000
1394499600 33.000000
1394503200 31.000000
1394506800 30.000000
1394510400 28.000000
1394514000 25.000000
1394517600 23.000000
1394521200 25.000000
1394524800 28.000000
1394528400 30.000000
1394532000 26.000000
1394535600 23.000000
1394539200 19.000000
1394542800 19.000000
1394546400 19.000000
1394550000 19.000000
1394553600 20.000000
1394557200 20.000000
1394560800 21.000000
1394564400 23.000000
1394568000 25.000000
1394571600 27.000000
1394575200 27.000000
1394578800 27.000000
1394582400 27.000000
1394586000 25.000000
1394589600 23.000000
1394593200 21.000000
1394596800 19.000000
1394600400 18.000000
1394604000 16.000000
1394607600 15.000000
1394611200 13.000000
1394614800 12.000000
1394618400 11.000000
1394622000 11.000000
1394625600 10.000000
1394629200 11.000000
1394632800 11.000000
1394636400 12.000000
1394640000 14.000000
1394643600 16.000000
1394647200 18.000000
1394650800 19.000000
1394654400 20.000000
1394658000 21.000000
1394661600 20.000000
1394665200 19.000000
1394668800 18.000000
1394672400 17.000000
1394676000 17.000000
1394679600 16.000000
1394683200 14.000000
1394686800 12.000000
1394690400 10.000000
1394694000 11.000000
1394697600 13.000000
1394701200 14.000000
1394704800 13.000000
1394708400 13.000000
1394712000 12.000000
1394715600 10.000000
1394719200 9.000000
1394722800 7.000000
1394726400 9.000000
1394730000 10.000000
1394733600 12.000000
1394737200 13.000000
1394740800 15.000000
1394744400 16.000000
1394748000 16.000000
1394751600 16.000000
1394755200 16.000000
1394758800 14.000000
1394762400 12.000000
1394766000 10.000000
1394769600 11.000000
1394773200 11.000000
