1393826400 -8.000000
1393830000 -8.000000
1393833600 -8.000000
1393837200 -8.000000
1393840800 -10.000000
1393844400 -12.000000
1393848000 -14.000000
1393851600 -11.000000
1393855200 -8.000000
1393858800 -5.000000
1393862400 -1.000000
1393866000 1.000000
1393869600 5.000000
1393873200 6.000000
1393876800 8.000000
1393880400 9.000000
1393884000 8.000000
1393887600 8.000000
1393891200 7.000000
1393894800 9.000000
1393898400 12.000000
1393902000 14.000000
1393905600 12.000000
1393909200 11.000000
1393912800 9.000000
1393916400 8.000000
1393920000 8.000000
1393923600 7.000000
1393927200 5.000000
1393930800 3.000000
1393934400 1.000000
1393938000 4.000000
1393941600 6.000000
1393945200 9.000000
1393948800 11.000000
1393952400 14.000000
1393956000 16.000000
1393959600 17.000000
1393963200 18.000000
1393966800 19.000000
1393970400 17.000000
1393974000 16.000000
1393977600 14.000000
1393981200 16.000000
1393984800 17.000000
1393988400 19.000000
1393992000 16.000000
1393995600 12.000000
1393999200 9.000000
1394002800 8.000000
1394006400 6.000000
1394010000 5.000000
1394013600 6.000000
1394017200 6.000000
1394020800 7.000000
1394024400 9.000000
1394028000 12.000000
1394031600 14.000000
1394035200 16.000000
1394038800 17.000000
1394042400 19.000000
1394046000 21.000000
1394049600 23.000000
1394053200 25.000000
1394056800 24.000000
1394060400 22.000000
1394064000 21.000000
1394067600 20.000000
1394071200 20.000000
1394074800 19.000000
1394078400 17.000000
1394082000 16.000000
1394085600 14.000000
1394089200 14.000000
1394092800 14.000000
1394096400 14.000000
1394100000 14.000000
1394103600 14.000000
1394107200 14.000000
1394110800 16.000000
1394114400 17.000000
1394118000 19.000000
1394121600 20.000000
1394125200 22.000000
1394128800 23.000000
1394132400 24.000000
1394136000 26.000000
1394139600 27.000000
1394143200 27.000000
1394146800 28.000000
1394150400 28.000000
1394154000 27.000000
1394157600 26.000000
1394161200 25.000000
1394164800 25.000000
1394168400 25.000000
1394172000 25.000000
1394175600 24.000000
1394179200 22.000000
1394182800 21.000000
1394186400 21.000000
1394190000 21.000000
1394193600 21.000000
1394197200 23.000000
1394200800 25.000000
1394204400 27.000000
1394208000 28.000000
1394211600 29.000000
1394215200 30.000000
1394218800 29.000000
1394222400 28.000000
1394226000 27.000000
1394229600 26.000000
1394233200 24.000000
1394236800 23.000000
1394240400 22.000000
1394244000 22.000000
1394247600 21.000000
1394251200 19.000000
1394254800 18.000000
1394258400 16.000000
1394262000 15.000000
1394265600 13.000000
1394269200 12.000000
1394272800 13.000000
1394276400 13.000000
1394280000 14.000000
1394283600 14.000000
1394287200 14.000000
1394290800 14.000000
1394294400 16.000000
1394298000 17.000000
1394301600 19.000000
1394305200 20.000000
1394308800 22.000000
1394312400 23.000000
1394316000 22.000000
1394319600 20.000000
1394323200 19.000000
1394326800 19.000000
1394330400 19.000000
1394334000 19.000000
1394337600 17.000000
1394341200 16.000000
1394344800 14.000000
1394348400 13.000000
1394352000 13.000000
1394355600 12.000000
1394359200 10.000000
1394362800 9.000000
1394366400 7.000000
1394370000 9.000000
1394373600 12.000000
1394377200 14.000000
1394380800 16.000000
1394384400 19.000000
1394388000 21.000000
1394391600 23.000000
1394395200 26.000000
1394398800 28.000000
1394402400 29.000000
1394406000 29.000000
1394409600 30.000000
1394413200 29.000000
1394416800 28.000000
1394420400 27.000000
1394424000 26.000000
1394427600 24.000000
1394431200 23.000000
1394434800 25.000000
1394438400 26.000000
1394442000 28.000000
1394445600 24.000000
1394449200 20.000000
1394452800 16.000000
1394456400 17.000000
1394460000 17.000000
1394463600 18.000000
1394467200 21.000000
1394470800 24.000000
1394474400 27.000000
1394478000 29.000000
1394481600 30.000000
1394485200 32.000000
1394488800 32.000000
1394492400 32.000000
1394496000 32.000000
1394499600 30.000000
1394503200 29.000000
1394506800 27.000000
1394510400 25.000000
1394514000 23.000000
1394517600 21.000000
1394521200 20.000000
1394524800 20.000000
1394528400 19.000000
1394532000 19.000000
1394535600 18.000000
1394539200 18.000000
1394542800 20.000000
1394546400 21.000000
1394550000 23.000000
1394553600 24.000000
1394557200 26.000000
1394560800 27.000000
1394564400 27.000000
1394568000 27.000000
1394571600 27.000000
1394575200 27.000000
1394578800 27.000000
1394582400 27.000000
1394586000 26.000000
1394589600 24.000000
1394593200 23.000000
1394596800 22.000000
1394600400 20.000000
1394604000 19.000000
1394607600 19.000000
1394611200 19.000000
1394614800 19.000000
1394618400 19.000000
1394622000 19.000000
1394625600 19.000000
1394629200 20.000000
1394632800 22.000000
1394636400 23.000000
1394640000 24.000000
1394643600 26.000000
1394647200 27.000000
1394650800 27.000000
1394654400 27.000000
1394658000 27.000000
1394661600 26.000000
1394665200 26.000000
1394668800 25.000000
1394672400 24.000000
1394676000 24.000000
1394679600 23.000000
1394683200 22.000000
1394686800 20.000000
