1388336400 -2.000000
1388340000 -1.000000
1388343600 -1.000000
1388347200 -1.000000
1388350800 -1.000000
1388354400 -2.000000
1388358000 -4.000000
1388361600 -5.000000
1388365200 -6.000000
1388368800 -7.000000
1388372400 -8.000000
1388376000 -9.000000
1388379600 -11.000000
1388383200 -12.000000
1388386800 -11.000000
1388390400 -11.000000
1388394000 -10.000000
1388397600 -8.000000
1388401200 -5.000000
1388404800 -3.000000
1388408400 -4.000000
1388412000 -4.000000
1388415600 -5.000000
1388419200 -4.000000
1388422800 -4.000000
1388426400 -3.000000
1388430000 -2.000000
1388433600 0.000000
1388437200 0.000000
1388440800 2.000000
1388444400 3.000000
1388448000 5.000000
1388451600 4.000000
1388455200 4.000000
1388458800 3.000000
1388462400 0.000000
1388466000 -3.000000
1388469600 -7.000000
1388473200 -6.000000
1388476800 -4.000000
1388480400 -3.000000
1388484000 -5.000000
1388487600 -8.000000
1388491200 -10.000000
1388494800 -8.000000
1388498400 -7.000000
1388502000 -5.000000
1388505600 -5.000000
1388509200 -5.000000
1388512800 -5.000000
1388516400 -4.000000
1388520000 -2.000000
1388523600 -1.000000
1388527200 0.000000
1388530800 0.000000
1388534400 1.000000
1388538000 0.000000
1388541600 0.000000
1388545200 -1.000000
1388548800 -5.000000
1388552400 -10.000000
1388556000 -14.000000
1388559600 -12.000000
1388563200 -9.000000
1388566800 -7.000000
1388570400 -7.000000
1388574000 -7.000000
1388577600 -7.000000
1388581200 -7.000000
1388584800 -7.000000
1388588400 -7.000000
1388592000 -4.000000
1388595600 -2.000000
1388599200 0.000000
1388602800 5.000000
1388606400 11.000000
1388610000 16.000000
1388613600 10.000000
1388617200 4.000000
1388620800 -1.000000
1388624400 -2.000000
1388628000 -4.000000
1388631600 -5.000000
1388635200 -4.000000
1388638800 -2.000000
1388642400 -1.000000
1388646000 -1.000000
1388649600 -1.000000
1388653200 -1.000000
1388656800 0.000000
1388660400 0.000000
1388664000 0.000000
1388667600 0.000000
1388671200 1.000000
1388674800 1.000000
1388678400 3.000000
1388682000 5.000000
1388685600 7.000000
1388689200 11.000000
1388692800 14.000000
1388696400 18.000000
1388700000 14.000000
1388703600 9.000000
1388707200 5.000000
1388710800 6.000000
1388714400 6.000000
1388718000 7.000000
1388721600 2.000000
1388725200 -3.000000
1388728800 -8.000000
1388732400 -9.000000
1388736000 -9.000000
1388739600 -10.000000
1388743200 -8.000000
1388746800 -7.000000
1388750400 -5.000000
1388754000 -4.000000
1388757600 -4.000000
1388761200 -3.000000
1388764800 -1.000000
1388768400 0.000000
1388772000 1.000000
1388775600 4.000000
1388779200 7.000000
1388782800 10.000000
1388786400 12.000000
1388790000 14.000000
1388793600 16.000000
1388797200 17.000000
1388800800 17.000000
1388804400 18.000000
1388808000 18.000000
1388811600 18.000000
1388815200 18.000000
1388818800 18.000000
1388822400 19.000000
1388826000 19.000000
1388829600 20.000000
1388833200 20.000000
1388836800 21.000000
1388840400 23.000000
1388844000 25.000000
1388847600 27.000000
1388851200 29.000000
1388854800 30.000000
1388858400 32.000000
1388862000 34.000000
1388865600 37.000000
1388869200 39.000000
1388872800 30.000000
1388876400 21.000000
1388880000 12.000000
1388883600 13.000000
1388887200 15.000000
1388890800 16.000000
1388894400 17.000000
1388898000 18.000000
1388901600 19.000000
1388905200 19.000000
1388908800 18.000000
1388912400 18.000000
1388916000 18.000000
1388919600 19.000000
1388923200 19.000000
1388926800 15.000000
1388930400 11.000000
1388934000 7.000000
1388937600 9.000000
1388941200 10.000000
1388944800 12.000000
1388948400 11.000000
1388952000 10.000000
1388955600 9.000000
1388959200 8.000000
1388962800 6.000000
1388966400 5.000000
1388970000 4.000000
1388973600 4.000000
1388977200 3.000000
1388980800 2.000000
1388984400 2.000000
1388988000 1.000000
1388991600 1.000000
1388995200 0.000000
1388998800 0.000000
1389002400 0.000000
1389006000 0.000000
1389009600 0.000000
1389013200 0.000000
1389016800 1.000000
1389020400 1.000000
1389024000 2.000000
1389027600 4.000000
1389031200 5.000000
1389034800 4.000000
1389038400 4.000000
1389042000 3.000000
1389045600 2.000000
1389049200 1.000000
1389052800 0.000000
1389056400 0.000000
1389060000 0.000000
1389063600 -1.000000
1389067200 -2.000000
1389070800 -4.000000
1389074400 -5.000000
1389078000 -5.000000
1389081600 -5.000000
1389085200 -5.000000
1389088800 -5.000000
1389092400 -5.000000
1389096000 -5.000000
1389099600 -4.000000
1389103200 -2.000000
1389106800 -1.000000
1389110400 0.000000
1389114000 0.000000
1389117600 1.000000
1389121200 1.000000
1389124800 0.000000
1389128400 0.000000
1389132000 0.000000
1389135600 0.000000
1389139200 -1.000000
1389142800 -2.000000
1389146400 -2.000000
1389150000 -3.000000
1389153600 -4.000000
1389157200 -4.000000
1389160800 -5.000000
1389164400 -3.000000
1389168000 0.000000
1389171600 1.000000
1389175200 0.000000
1389178800 -3.000000
1389182400 -5.000000
1389186000 -3.000000
1389189600 -1.000000
1389193200 0.000000
1389196800 1.000000
