1395036000 18.000000
1395039600 19.000000
1395043200 20.000000
1395046800 21.000000
1395050400 22.000000
1395054000 22.000000
1395057600 23.000000
1395061200 24.000000
1395064800 24.000000
1395068400 25.000000
1395072000 26.000000
1395075600 27.000000
1395079200 28.000000
1395082800 29.000000
1395086400 31.000000
1395090000 32.000000
1395093600 33.000000
1395097200 35.000000
1395100800 36.000000
1395104400 35.000000
1395108000 35.000000
1395111600 34.000000
1395115200 33.000000
1395118800 33.000000
1395122400 32.000000
1395126000 32.000000
1395129600 32.000000
1395133200 32.000000
1395136800 32.000000
1395140400 32.000000
1395144000 32.000000
1395147600 33.000000
1395151200 33.000000
1395154800 34.000000
1395158400 35.000000
1395162000 35.000000
1395165600 36.000000
1395169200 36.000000
1395172800 37.000000
1395176400 37.000000
1395180000 37.000000
1395183600 37.000000
1395187200 37.000000
1395190800 38.000000
1395194400 38.000000
1395198000 39.000000
1395201600 37.000000
1395205200 34.000000
1395208800 32.000000
1395212400 31.000000
1395216000 29.000000
1395219600 28.000000
1395223200 28.000000
1395226800 28.000000
1395230400 28.000000
1395234000 29.000000
1395237600 29.000000
1395241200 30.000000
1395244800 32.000000
1395248400 34.000000
1395252000 36.000000
1395255600 36.000000
1395259200 37.000000
1395262800 37.000000
1395266400 36.000000
1395270000 35.000000
1395273600 34.000000
1395277200 32.000000
1395280800 30.000000
1395284400 28.000000
1395288000 28.000000
1395291600 27.000000
1395295200 27.000000
1395298800 24.000000
1395302400 21.000000
1395306000 18.000000
1395309600 21.000000
1395313200 24.000000
1395316800 27.000000
1395320400 28.000000
1395324000 29.000000
1395327600 30.000000
1395331200 33.000000
1395334800 36.000000
1395338400 39.000000
1395342000 39.000000
1395345600 39.000000
1395349200 39.000000
1395352800 38.000000
1395356400 37.000000
1395360000 36.000000
1395363600 37.000000
1395367200 38.000000
1395370800 39.000000
1395374400 38.000000
1395378000 37.000000
1395381600 36.000000
1395385200 32.000000
1395388800 27.000000
1395392400 23.000000
1395396000 25.000000
1395399600 26.000000
1395403200 28.000000
1395406800 31.000000
1395410400 34.000000
1395414000 37.000000
1395417600 38.000000
1395421200 40.000000
1395424800 41.000000
1395428400 42.000000
1395432000 42.000000
1395435600 43.000000
1395439200 41.000000
1395442800 39.000000
1395446400 37.000000
1395450000 37.000000
1395453600 36.000000
1395457200 36.000000
1395460800 35.000000
1395464400 35.000000
1395468000 34.000000
1395471600 30.000000
1395475200 27.000000
1395478800 23.000000
1395482400 21.000000
1395486000 20.000000
1395489600 18.000000
1395493200 21.000000
1395496800 24.000000
1395500400 27.000000
1395504000 24.000000
1395507600 22.000000
1395511200 19.000000
1395514800 22.000000
1395518400 25.000000
1395522000 28.000000
1395525600 31.000000
1395529200 33.000000
1395532800 36.000000
1395536400 33.000000
1395540000 31.000000
1395543600 28.000000
1395547200 27.000000
1395550800 26.000000
1395554400 25.000000
1395558000 20.000000
1395561600 15.000000
1395565200 10.000000
1395568800 13.000000
1395572400 16.000000
1395576000 19.000000
1395579600 20.000000
1395583200 22.000000
1395586800 23.000000
1395590400 25.000000
1395594000 26.000000
1395597600 28.000000
1395601200 29.000000
1395604800 31.000000
1395608400 32.000000
1395612000 31.000000
1395615600 29.000000
1395619200 28.000000
1395622800 26.000000
1395626400 23.000000
1395630000 21.000000
1395633600 20.000000
1395637200 20.000000
1395640800 19.000000
1395644400 19.000000
1395648000 19.000000
1395651600 19.000000
1395655200 18.000000
1395658800 17.000000
1395662400 16.000000
1395666000 21.000000
1395669600 25.000000
1395673200 30.000000
1395676800 32.000000
1395680400 34.000000
1395684000 36.000000
1395687600 34.000000
1395691200 32.000000
1395694800 30.000000
1395698400 29.000000
1395702000 28.000000
1395705600 27.000000
1395709200 24.000000
1395712800 22.000000
1395716400 19.000000
1395720000 22.000000
1395723600 24.000000
1395727200 27.000000
1395730800 21.000000
1395734400 15.000000
1395738000 9.000000
1395741600 11.000000
1395745200 14.000000
1395748800 16.000000
1395752400 15.000000
1395756000 15.000000
1395759600 14.000000
1395763200 18.000000
1395766800 21.000000
1395770400 25.000000
1395774000 28.000000
1395777600 31.000000
1395781200 34.000000
1395784800 33.000000
1395788400 33.000000
1395792000 32.000000
1395795600 31.000000
1395799200 29.000000
1395802800 28.000000
1395806400 32.000000
1395810000 37.000000
1395813600 41.000000
1395817200 31.000000
1395820800 22.000000
1395824400 12.000000
1395828000 11.000000
1395831600 11.000000
1395835200 10.000000
1395838800 12.000000
1395842400 14.000000
1395846000 16.000000
1395849600 17.000000
1395853200 18.000000
1395856800 19.000000
1395860400 24.000000
1395864000 29.000000
1395867600 34.000000
1395871200 33.000000
1395874800 33.000000
1395878400 32.000000
1395882000 31.000000
1395885600 31.000000
1395889200 30.000000
1395892800 25.000000
1395896400 21.000000
