1389279600 10.000000
1389283200 11.000000
1389286800 11.000000
1389290400 12.000000
1389294000 13.000000
1389297600 15.000000
1389301200 16.000000
1389304800 16.000000
1389308400 16.000000
1389312000 16.000000
1389315600 15.000000
1389319200 15.000000
1389322800 14.000000
1389326400 14.000000
1389330000 14.000000
1389333600 14.000000
1389337200 18.000000
1389340800 21.000000
1389344400 25.000000
1389348000 26.000000
1389351600 26.000000
1389355200 27.000000
1389358800 27.000000
1389362400 27.000000
1389366000 27.000000
1389369600 29.000000
1389373200 30.000000
1389376800 32.000000
1389380400 34.000000
1389384000 35.000000
1389387600 37.000000
1389391200 37.000000
1389394800 37.000000
1389398400 37.000000
1389402000 37.000000
1389405600 37.000000
1389409200 37.000000
1389412800 35.000000
1389416400 32.000000
1389420000 30.000000
1389423600 30.000000
1389427200 30.000000
1389430800 30.000000
1389434400 29.000000
1389438000 28.000000
1389441600 27.000000
1389445200 26.000000
1389448800 26.000000
1389452400 25.000000
1389456000 26.000000
1389459600 27.000000
1389463200 28.000000
1389466800 29.000000
1389470400 31.000000
1389474000 32.000000
1389477600 29.000000
1389481200 26.000000
1389484800 23.000000
1389488400 21.000000
1389492000 20.000000
1389495600 18.000000
1389499200 20.000000
1389502800 21.000000
1389506400 23.000000
1389510000 24.000000
1389513600 26.000000
1389517200 27.000000
1389520800 25.000000
1389524400 23.000000
1389528000 21.000000
1389531600 25.000000
1389535200 28.000000
1389538800 32.000000
1389542400 33.000000
1389546000 35.000000
1389549600 36.000000
1389553200 36.000000
1389556800 36.000000
1389560400 36.000000
1389564000 36.000000
1389567600 37.000000
1389571200 37.000000
1389574800 37.000000
1389578400 36.000000
1389582000 36.000000
1389585600 33.000000
1389589200 31.000000
1389592800 28.000000
1389596400 27.000000
1389600000 26.000000
1389603600 25.000000
1389607200 23.000000
1389610800 21.000000
1389614400 19.000000
1389618000 20.000000
1389621600 20.000000
1389625200 21.000000
1389628800 22.000000
1389632400 24.000000
1389636000 25.000000
1389639600 23.000000
1389643200 20.000000
1389646800 18.000000
1389650400 18.000000
1389654000 19.000000
1389657600 19.000000
1389661200 20.000000
1389664800 22.000000
1389668400 23.000000
1389672000 26.000000
1389675600 29.000000
1389679200 32.000000
1389682800 33.000000
1389686400 33.000000
1389690000 34.000000
1389693600 33.000000
1389697200 33.000000
1389700800 32.000000
1389704400 30.000000
1389708000 27.000000
1389711600 25.000000
1389715200 26.000000
1389718800 26.000000
1389722400 27.000000
1389726000 24.000000
1389729600 21.000000
1389733200 18.000000
1389736800 16.000000
1389740400 14.000000
1389744000 12.000000
1389747600 10.000000
1389751200 9.000000
1389754800 7.000000
1389758400 5.000000
1389762000 3.000000
1389765600 1.000000
1389769200 1.000000
1389772800 1.000000
1389776400 1.000000
1389780000 7.000000
1389783600 13.000000
1389787200 19.000000
1389790800 17.000000
1389794400 16.000000
1389798000 14.000000
1389801600 18.000000
1389805200 21.000000
1389808800 25.000000
1389812400 25.000000
1389816000 25.000000
1389819600 25.000000
1389823200 24.000000
1389826800 24.000000
1389830400 23.000000
1389834000 22.000000
1389837600 22.000000
1389841200 21.000000
1389844800 21.000000
1389848400 21.000000
1389852000 21.000000
1389855600 21.000000
1389859200 21.000000
1389862800 21.000000
1389866400 21.000000
1389870000 21.000000
1389873600 21.000000
1389877200 21.000000
1389880800 21.000000
1389884400 21.000000
1389888000 22.000000
1389891600 22.000000
1389895200 23.000000
1389898800 22.000000
1389902400 20.000000
1389906000 19.000000
1389909600 19.000000
1389913200 18.000000
1389916800 18.000000
1389920400 17.000000
1389924000 15.000000
1389927600 14.000000
1389931200 13.000000
1389934800 13.000000
1389938400 12.000000
1389942000 11.000000
1389945600 11.000000
1389949200 10.000000
1389952800 10.000000
1389956400 9.000000
1389960000 9.000000
1389963600 9.000000
1389967200 9.000000
1389970800 9.000000
1389974400 9.000000
1389978000 10.000000
1389981600 10.000000
1389985200 10.000000
1389988800 9.000000
1389992400 9.000000
1389996000 8.000000
1389999600 6.000000
1390003200 5.000000
1390006800 4.000000
1390010400 4.000000
1390014000 3.000000
1390017600 2.000000
1390021200 1.000000
1390024800 0.000000
1390028400 0.000000
1390032000 0.000000
1390035600 0.000000
1390039200 0.000000
1390042800 0.000000
1390046400 0.000000
1390050000 1.000000
1390053600 2.000000
1390057200 3.000000
1390060800 5.000000
1390064400 7.000000
1390068000 9.000000
1390071600 8.000000
1390075200 8.000000
1390078800 7.000000
1390082400 7.000000
1390086000 7.000000
1390089600 7.000000
1390093200 7.000000
1390096800 7.000000
1390100400 7.000000
1390104000 6.000000
1390107600 6.000000
1390111200 5.000000
1390114800 5.000000
1390118400 5.000000
1390122000 5.000000
1390125600 6.000000
1390129200 6.000000
1390132800 7.000000
1390136400 8.000000
1390140000 9.000000
