1392346800 16.000000
1392350400 15.000000
1392354000 13.000000
1392357600 12.000000
1392361200 10.000000
1392364800 9.000000
1392368400 7.000000
1392372000 6.000000
1392375600 6.000000
1392379200 5.000000
1392382800 5.000000
1392386400 5.000000
1392390000 5.000000
1392393600 7.000000
1392397200 10.000000
1392400800 12.000000
1392404400 13.000000
1392408000 15.000000
1392411600 16.000000
1392415200 14.000000
1392418800 12.000000
1392422400 10.000000
1392426000 8.000000
1392429600 7.000000
1392433200 5.000000
1392436800 3.000000
1392440400 0.000000
1392444000 -1.000000
1392447600 0.000000
1392451200 0.000000
1392454800 1.000000
1392458400 2.000000
1392462000 4.000000
1392465600 5.000000
1392469200 7.000000
1392472800 8.000000
1392476400 10.000000
1392480000 14.000000
1392483600 17.000000
1392487200 21.000000
1392490800 21.000000
1392494400 21.000000
1392498000 21.000000
1392501600 20.000000
1392505200 19.000000
1392508800 18.000000
1392512400 19.000000
1392516000 20.000000
1392519600 21.000000
1392523200 18.000000
1392526800 15.000000
1392530400 12.000000
1392534000 13.000000
1392537600 13.000000
1392541200 14.000000
1392544800 13.000000
1392548400 11.000000
1392552000 10.000000
1392555600 11.000000
1392559200 11.000000
1392562800 12.000000
1392566400 15.000000
1392570000 18.000000
1392573600 21.000000
1392577200 22.000000
1392580800 24.000000
1392584400 25.000000
1392588000 25.000000
1392591600 25.000000
1392595200 25.000000
1392598800 25.000000
1392602400 25.000000
1392606000 25.000000
1392609600 26.000000
1392613200 27.000000
1392616800 28.000000
1392620400 28.000000
1392624000 27.000000
1392627600 27.000000
1392631200 26.000000
1392634800 26.000000
1392638400 25.000000
1392642000 27.000000
1392645600 28.000000
1392649200 30.000000
1392652800 31.000000
1392656400 33.000000
1392660000 34.000000
1392663600 34.000000
1392667200 33.000000
1392670800 33.000000
1392674400 33.000000
1392678000 32.000000
1392681600 32.000000
1392685200 31.000000
1392688800 29.000000
1392692400 28.000000
1392696000 28.000000
1392699600 27.000000
1392703200 27.000000
1392706800 26.000000
1392710400 24.000000
1392714000 23.000000
1392717600 22.000000
1392721200 20.000000
1392724800 19.000000
1392728400 22.000000
1392732000 24.000000
1392735600 27.000000
1392739200 29.000000
1392742800 32.000000
1392746400 34.000000
1392750000 33.000000
1392753600 33.000000
1392757200 32.000000
1392760800 31.000000
1392764400 31.000000
1392768000 30.000000
1392771600 29.000000
1392775200 29.000000
1392778800 28.000000
1392782400 28.000000
1392786000 27.000000
1392789600 27.000000
1392793200 27.000000
1392796800 27.000000
1392800400 28.000000
1392804000 28.000000
1392807600 28.000000
1392811200 28.000000
1392814800 29.000000
1392818400 31.000000
1392822000 32.000000
1392825600 33.000000
1392829200 35.000000
1392832800 36.000000
1392836400 36.000000
1392840000 36.000000
1392843600 37.000000
1392847200 37.000000
1392850800 37.000000
1392854400 37.000000
1392858000 36.000000
1392861600 35.000000
1392865200 34.000000
1392868800 33.000000
1392872400 33.000000
1392876000 32.000000
1392879600 31.000000
1392883200 31.000000
1392886800 30.000000
1392890400 29.000000
1392894000 29.000000
1392897600 28.000000
1392901200 29.000000
1392904800 29.000000
1392908400 30.000000
1392912000 31.000000
1392915600 31.000000
1392919200 32.000000
1392922800 32.000000
1392926400 31.000000
1392930000 31.000000
1392933600 31.000000
1392937200 30.000000
1392940800 30.000000
1392944400 30.000000
1392948000 30.000000
