1389236400 -7.000000
1389240000 -6.000000
1389243600 -4.000000
1389247200 -3.000000
1389250800 -5.000000
1389254400 -6.000000
1389258000 -8.000000
1389261600 -10.000000
1389265200 -12.000000
1389268800 -14.000000
1389272400 -12.000000
1389276000 -9.000000
1389279600 -7.000000
1389283200 0.000000
1389286800 5.000000
1389290400 12.000000
1389294000 13.000000
1389297600 15.000000
1389301200 16.000000
1389304800 17.000000
1389308400 17.000000
1389312000 18.000000
1389315600 18.000000
1389319200 19.000000
1389322800 19.000000
1389326400 20.000000
1389330000 22.000000
1389333600 23.000000
1389337200 21.000000
1389340800 20.000000
1389344400 18.000000
1389348000 21.000000
1389351600 24.000000
1389355200 27.000000
1389358800 30.000000
1389362400 33.000000
1389366000 36.000000
1389369600 36.000000
1389373200 36.000000
1389376800 36.000000
1389380400 35.000000
1389384000 35.000000
1389387600 34.000000
1389391200 35.000000
1389394800 35.000000
1389398400 36.000000
1389402000 36.000000
1389405600 36.000000
1389409200 36.000000
1389412800 34.000000
1389416400 32.000000
1389420000 30.000000
1389423600 28.000000
1389427200 27.000000
1389430800 25.000000
1389434400 25.000000
1389438000 25.000000
1389441600 25.000000
1389445200 25.000000
1389448800 25.000000
1389452400 25.000000
1389456000 26.000000
1389459600 27.000000
1389463200 28.000000
1389466800 29.000000
1389470400 29.000000
1389474000 30.000000
1389477600 29.000000
1389481200 29.000000
1389484800 28.000000
1389488400 26.000000
1389492000 25.000000
1389495600 23.000000
1389499200 21.000000
1389502800 18.000000
1389506400 16.000000
1389510000 15.000000
1389513600 15.000000
1389517200 14.000000
1389520800 20.000000
1389524400 26.000000
1389528000 32.000000
1389531600 32.000000
1389535200 32.000000
1389538800 32.000000
1389542400 32.000000
1389546000 32.000000
1389549600 32.000000
1389553200 33.000000
1389556800 33.000000
1389560400 34.000000
1389564000 35.000000
1389567600 36.000000
1389571200 37.000000
1389574800 37.000000
1389578400 36.000000
1389582000 36.000000
1389585600 33.000000
1389589200 31.000000
1389592800 28.000000
1389596400 26.000000
1389600000 25.000000
1389603600 23.000000
1389607200 22.000000
1389610800 22.000000
1389614400 21.000000
1389618000 23.000000
1389621600 25.000000
1389625200 27.000000
1389628800 28.000000
1389632400 29.000000
1389636000 30.000000
1389639600 28.000000
1389643200 27.000000
1389646800 25.000000
1389650400 26.000000
1389654000 26.000000
1389657600 27.000000
1389661200 26.000000
1389664800 26.000000
1389668400 25.000000
1389672000 24.000000
1389675600 22.000000
1389679200 21.000000
1389682800 24.000000
1389686400 27.000000
1389690000 30.000000
1389693600 28.000000
1389697200 27.000000
1389700800 25.000000
1389704400 24.000000
1389708000 22.000000
1389711600 21.000000
1389715200 22.000000
1389718800 22.000000
1389722400 23.000000
1389726000 23.000000
1389729600 23.000000
1389733200 23.000000
1389736800 22.000000
1389740400 22.000000
1389744000 21.000000
1389747600 20.000000
1389751200 19.000000
1389754800 18.000000
1389758400 19.000000
1389762000 20.000000
1389765600 21.000000
1389769200 19.000000
1389772800 16.000000
1389776400 14.000000
1389780000 16.000000
1389783600 17.000000
1389787200 19.000000
1389790800 20.000000
1389794400 20.000000
1389798000 21.000000
1389801600 22.000000
1389805200 22.000000
1389808800 23.000000
1389812400 22.000000
1389816000 20.000000
1389819600 19.000000
1389823200 11.000000
1389826800 2.000000
1389830400 -5.000000
1389834000 1.000000
1389837600 9.000000
1389841200 16.000000
1389844800 16.000000
1389848400 16.000000
1389852000 16.000000
1389855600 20.000000
1389859200 24.000000
1389862800 28.000000
1389866400 26.000000
1389870000 23.000000
1389873600 21.000000
1389877200 22.000000
1389880800 22.000000
1389884400 23.000000
1389888000 24.000000
1389891600 24.000000
1389895200 25.000000
1389898800 24.000000
1389902400 22.000000
1389906000 21.000000
1389909600 20.000000
1389913200 19.000000
1389916800 18.000000
1389920400 16.000000
1389924000 14.000000
1389927600 12.000000
1389931200 10.000000
1389934800 9.000000
1389938400 7.000000
1389942000 8.000000
1389945600 9.000000
1389949200 10.000000
1389952800 10.000000
1389956400 9.000000
1389960000 9.000000
1389963600 9.000000
1389967200 10.000000
1389970800 10.000000
1389974400 11.000000
1389978000 11.000000
1389981600 12.000000
1389985200 11.000000
1389988800 10.000000
1389992400 9.000000
1389996000 8.000000
1389999600 8.000000
1390003200 7.000000
1390006800 6.000000
1390010400 6.000000
1390014000 5.000000
1390017600 4.000000
1390021200 4.000000
1390024800 3.000000
1390028400 3.000000
1390032000 3.000000
1390035600 3.000000
1390039200 2.000000
1390042800 2.000000
1390046400 1.000000
1390050000 2.000000
1390053600 4.000000
1390057200 5.000000
1390060800 6.000000
1390064400 8.000000
1390068000 9.000000
1390071600 9.000000
1390075200 9.000000
1390078800 9.000000
1390082400 9.000000
1390086000 9.000000
1390089600 9.000000
1390093200 8.000000
1390096800 8.000000
