1393610400 10.000000
1393614000 11.000000
1393617600 13.000000
1393621200 14.000000
1393624800 12.000000
1393628400 11.000000
1393632000 9.000000
1393635600 8.000000
1393639200 8.000000
1393642800 7.000000
1393646400 5.000000
1393650000 3.000000
1393653600 1.000000
1393657200 0.000000
1393660800 0.000000
1393664400 -1.000000
1393668000 -2.000000
1393671600 -4.000000
1393675200 -5.000000
1393678800 -3.000000
1393682400 -1.000000
1393686000 0.000000
1393689600 0.000000
1393693200 1.000000
1393696800 1.000000
1393700400 2.000000
1393704000 2.000000
1393707600 3.000000
1393711200 2.000000
1393714800 2.000000
1393718400 1.000000
1393722000 0.000000
1393725600 -1.000000
1393729200 -3.000000
1393732800 -4.000000
1393736400 -6.000000
1393740000 -7.000000
1393743600 -8.000000
1393747200 -9.000000
1393750800 -10.000000
1393754400 -10.000000
1393758000 -10.000000
1393761600 -10.000000
1393765200 -8.000000
1393768800 -7.000000
1393772400 -5.000000
1393776000 -4.000000
1393779600 -4.000000
1393783200 -3.000000
1393786800 -1.000000
1393790400 0.000000
1393794000 1.000000
1393797600 1.000000
1393801200 1.000000
1393804800 1.000000
1393808400 0.000000
1393812000 0.000000
1393815600 -1.000000
1393819200 -2.000000
1393822800 -2.000000
1393826400 -3.000000
1393830000 -7.000000
1393833600 -10.000000
1393837200 -14.000000
1393840800 -12.000000
1393844400 -10.000000
1393848000 -8.000000
1393851600 -7.000000
1393855200 -6.000000
1393858800 -5.000000
1393862400 -1.000000
1393866000 1.000000
1393869600 5.000000
1393873200 6.000000
1393876800 8.000000
1393880400 9.000000
1393884000 8.000000
1393887600 6.000000
1393891200 5.000000
1393894800 3.000000
1393898400 2.000000
1393902000 0.000000
1393905600 0.000000
1393909200 -2.000000
1393912800 -3.000000
1393916400 -4.000000
1393920000 -6.000000
1393923600 -7.000000
1393927200 -6.000000
1393930800 -6.000000
1393934400 -5.000000
1393938000 -1.000000
1393941600 1.000000
1393945200 5.000000
1393948800 7.000000
1393952400 10.000000
1393956000 12.000000
1393959600 13.000000
1393963200 15.000000
1393966800 16.000000
1393970400 14.000000
1393974000 12.000000
1393977600 10.000000
1393981200 10.000000
1393984800 10.000000
1393988400 10.000000
1393992000 8.000000
1393995600 5.000000
1393999200 3.000000
1394002800 5.000000
1394006400 7.000000
1394010000 9.000000
1394013600 6.000000
1394017200 4.000000
1394020800 1.000000
1394024400 5.000000
1394028000 10.000000
1394031600 14.000000
1394035200 13.000000
1394038800 13.000000
1394042400 12.000000
1394046000 16.000000
1394049600 21.000000
1394053200 25.000000
1394056800 24.000000
1394060400 24.000000
1394064000 23.000000
1394067600 23.000000
1394071200 23.000000
1394074800 23.000000
1394078400 22.000000
1394082000 20.000000
1394085600 19.000000
1394089200 19.000000
1394092800 18.000000
1394096400 18.000000
1394100000 17.000000
1394103600 17.000000
1394107200 16.000000
1394110800 14.000000
1394114400 11.000000
1394118000 9.000000
1394121600 11.000000
1394125200 14.000000
1394128800 16.000000
1394132400 21.000000
1394136000 25.000000
1394139600 30.000000
1394143200 29.000000
1394146800 29.000000
1394150400 28.000000
1394154000 27.000000
1394157600 26.000000
1394161200 25.000000
1394164800 20.000000
1394168400 14.000000
1394172000 9.000000
1394175600 9.000000
1394179200 9.000000
1394182800 9.000000
1394186400 15.000000
1394190000 21.000000
1394193600 27.000000
1394197200 23.000000
1394200800 20.000000
1394204400 16.000000
1394208000 18.000000
1394211600 19.000000
1394215200 21.000000
1394218800 23.000000
1394222400 25.000000
1394226000 27.000000
1394229600 26.000000
1394233200 24.000000
1394236800 23.000000
1394240400 22.000000
1394244000 20.000000
1394247600 19.000000
1394251200 17.000000
1394254800 14.000000
1394258400 12.000000
1394262000 12.000000
1394265600 12.000000
1394269200 12.000000
1394272800 11.000000
1394276400 11.000000
1394280000 10.000000
1394283600 12.000000
1394287200 14.000000
1394290800 16.000000
1394294400 17.000000
1394298000 18.000000
1394301600 19.000000
1394305200 20.000000
1394308800 22.000000
1394312400 23.000000
1394316000 23.000000
1394319600 23.000000
1394323200 23.000000
1394326800 21.000000
1394330400 18.000000
1394334000 16.000000
1394337600 15.000000
1394341200 13.000000
1394344800 12.000000
1394348400 11.000000
1394352000 10.000000
1394355600 9.000000
1394359200 8.000000
1394362800 8.000000
1394366400 7.000000
1394370000 9.000000
1394373600 10.000000
1394377200 12.000000
1394380800 14.000000
1394384400 16.000000
1394388000 18.000000
1394391600 20.000000
1394395200 21.000000
1394398800 23.000000
1394402400 21.000000
1394406000 20.000000
1394409600 18.000000
1394413200 17.000000
1394416800 15.000000
1394420400 14.000000
1394424000 13.000000
1394427600 11.000000
1394431200 10.000000
1394434800 10.000000
1394438400 10.000000
1394442000 10.000000
1394445600 10.000000
1394449200 10.000000
1394452800 10.000000
1394456400 13.000000
1394460000 15.000000
1394463600 18.000000
1394467200 20.000000
1394470800 21.000000
