1393210800 7.000000
1393214400 6.000000
1393218000 4.000000
1393221600 3.000000
1393225200 2.000000
1393228800 1.000000
1393232400 0.000000
1393236000 0.000000
1393239600 0.000000
1393243200 -1.000000
1393246800 -2.000000
1393250400 -2.000000
1393254000 -3.000000
1393257600 1.000000
1393261200 5.000000
1393264800 10.000000
1393268400 11.000000
1393272000 13.000000
1393275600 14.000000
1393279200 13.000000
1393282800 13.000000
1393286400 12.000000
1393290000 10.000000
1393293600 7.000000
1393297200 5.000000
1393300800 6.000000
1393304400 8.000000
1393308000 9.000000
1393311600 5.000000
1393315200 2.000000
1393318800 -1.000000
1393322400 -2.000000
1393326000 -4.000000
1393329600 -5.000000
1393333200 -5.000000
1393336800 -5.000000
1393340400 -5.000000
1393344000 -4.000000
1393347600 -2.000000
1393351200 -1.000000
1393354800 1.000000
1393358400 4.000000
1393362000 7.000000
1393365600 6.000000
1393369200 6.000000
1393372800 5.000000
1393376400 1.000000
1393380000 -1.000000
1393383600 -5.000000
1393387200 -4.000000
1393390800 -4.000000
1393394400 -3.000000
1393398000 -5.000000
1393401600 -6.000000
1393405200 -8.000000
1393408800 -8.000000
1393412400 -7.000000
1393416000 -7.000000
1393419600 -5.000000
1393423200 -3.000000
1393426800 -1.000000
1393430400 2.000000
1393434000 6.000000
1393437600 10.000000
1393441200 13.000000
1393444800 16.000000
1393448400 19.000000
1393452000 14.000000
1393455600 8.000000
1393459200 3.000000
1393462800 5.000000
1393466400 7.000000
1393470000 9.000000
1393473600 6.000000
1393477200 4.000000
1393480800 1.000000
1393484400 0.000000
1393488000 -3.000000
1393491600 -5.000000
1393495200 -6.000000
1393498800 -6.000000
1393502400 -7.000000
1393506000 -8.000000
1393509600 -9.000000
1393513200 -10.000000
1393516800 -7.000000
1393520400 -4.000000
1393524000 -1.000000
1393527600 -1.000000
1393531200 -1.000000
1393534800 -1.000000
1393538400 0.000000
1393542000 0.000000
1393545600 1.000000
1393549200 0.000000
1393552800 -1.000000
1393556400 -3.000000
1393560000 -4.000000
1393563600 -6.000000
1393567200 -7.000000
1393570800 -4.000000
1393574400 -2.000000
1393578000 0.000000
1393581600 -2.000000
1393585200 -5.000000
1393588800 -8.000000
1393592400 -9.000000
1393596000 -11.000000
1393599600 -12.000000
1393603200 -8.000000
1393606800 -5.000000
1393610400 -1.000000
1393614000 0.000000
1393617600 0.000000
1393621200 1.000000
1393624800 2.000000
1393628400 2.000000
1393632000 3.000000
1393635600 0.000000
1393639200 -2.000000
1393642800 -5.000000
1393646400 -4.000000
1393650000 -2.000000
1393653600 -1.000000
1393657200 -3.000000
1393660800 -6.000000
1393664400 -8.000000
1393668000 -7.000000
1393671600 -6.000000
1393675200 -5.000000
1393678800 -9.000000
1393682400 -13.000000
1393686000 -17.000000
1393689600 -13.000000
1393693200 -9.000000
1393696800 -5.000000
1393700400 -1.000000
1393704000 1.000000
1393707600 5.000000
1393711200 4.000000
1393714800 4.000000
1393718400 3.000000
1393722000 2.000000
1393725600 2.000000
1393729200 1.000000
1393732800 1.000000
1393736400 0.000000
1393740000 0.000000
1393743600 -3.000000
1393747200 -6.000000
1393750800 -10.000000
1393754400 -7.000000
1393758000 -4.000000
1393761600 -1.000000
1393765200 0.000000
1393768800 1.000000
1393772400 3.000000
1393776000 5.000000
1393779600 8.000000
1393783200 10.000000
1393786800 11.000000
1393790400 13.000000
1393794000 14.000000
1393797600 13.000000
1393801200 13.000000
1393804800 12.000000
1393808400 10.000000
1393812000 9.000000
1393815600 7.000000
1393819200 6.000000
1393822800 4.000000
1393826400 3.000000
1393830000 1.000000
1393833600 -1.000000
1393837200 -3.000000
1393840800 -4.000000
1393844400 -4.000000
1393848000 -5.000000
1393851600 -3.000000
1393855200 -1.000000
1393858800 0.000000
1393862400 2.000000
1393866000 3.000000
1393869600 5.000000
1393873200 5.000000
1393876800 5.000000
1393880400 5.000000
1393884000 4.000000
1393887600 4.000000
1393891200 3.000000
1393894800 2.000000
1393898400 1.000000
1393902000 0.000000
1393905600 0.000000
1393909200 0.000000
1393912800 -1.000000
1393916400 -2.000000
1393920000 -2.000000
1393923600 -3.000000
1393927200 -3.000000
1393930800 -3.000000
1393934400 -3.000000
1393938000 -1.000000
1393941600 0.000000
1393945200 1.000000
1393948800 4.000000
1393952400 6.000000
1393956000 9.000000
1393959600 9.000000
1393963200 9.000000
1393966800 9.000000
1393970400 8.000000
1393974000 8.000000
1393977600 7.000000
1393981200 6.000000
1393984800 6.000000
1393988400 5.000000
1393992000 4.000000
1393995600 2.000000
1393999200 1.000000
1394002800 1.000000
1394006400 0.000000
1394010000 0.000000
1394013600 0.000000
1394017200 0.000000
1394020800 0.000000
1394024400 2.000000
1394028000 3.000000
1394031600 5.000000
1394035200 7.000000
1394038800 10.000000
1394042400 12.000000
1394046000 12.000000
1394049600 12.000000
1394053200 12.000000
1394056800 11.000000
1394060400 11.000000
1394064000 10.000000
1394067600 10.000000
1394071200 9.000000
