1390536000 -1.000000
1390539600 1.000000
1390543200 3.000000
1390546800 5.000000
1390550400 7.000000
1390554000 9.000000
1390557600 11.000000
1390561200 12.000000
1390564800 14.000000
1390568400 15.000000
1390572000 17.000000
1390575600 18.000000
1390579200 23.000000
1390582800 27.000000
1390586400 32.000000
1390590000 31.000000
1390593600 31.000000
1390597200 30.000000
1390600800 30.000000
1390604400 30.000000
1390608000 30.000000
1390611600 28.000000
1390615200 27.000000
1390618800 25.000000
1390622400 23.000000
1390626000 21.000000
1390629600 19.000000
1390633200 19.000000
1390636800 19.000000
1390640400 19.000000
1390644000 16.000000
1390647600 12.000000
1390651200 9.000000
1390654800 7.000000
1390658400 5.000000
1390662000 3.000000
1390665600 4.000000
1390669200 6.000000
1390672800 7.000000
1390676400 8.000000
1390680000 9.000000
1390683600 10.000000
1390687200 10.000000
1390690800 10.000000
1390694400 10.000000
1390698000 9.000000
1390701600 8.000000
1390705200 7.000000
1390708800 8.000000
1390712400 8.000000
1390716000 9.000000
1390719600 8.000000
1390723200 6.000000
1390726800 5.000000
1390730400 9.000000
1390734000 12.000000
1390737600 16.000000
1390741200 14.000000
1390744800 12.000000
1390748400 10.000000
1390752000 14.000000
1390755600 17.000000
1390759200 21.000000
1390762800 17.000000
1390766400 13.000000
1390770000 9.000000
1390773600 8.000000
1390777200 8.000000
1390780800 7.000000
1390784400 5.000000
1390788000 3.000000
1390791600 1.000000
1390795200 -1.000000
1390798800 -5.000000
1390802400 -8.000000
1390806000 -11.000000
1390809600 -14.000000
1390813200 -17.000000
1390816800 -17.000000
1390820400 -16.000000
1390824000 -16.000000
1390827600 -15.000000
1390831200 -13.000000
1390834800 -12.000000
1390838400 -10.000000
1390842000 -9.000000
1390845600 -7.000000
1390849200 -7.000000
1390852800 -8.000000
1390856400 -8.000000
1390860000 -7.000000
1390863600 -6.000000
1390867200 -5.000000
1390870800 -8.000000
1390874400 -11.000000
1390878000 -14.000000
1390881600 -13.000000
1390885200 -11.000000
1390888800 -10.000000
1390892400 -14.000000
1390896000 -17.000000
1390899600 -21.000000
1390903200 -20.000000
1390906800 -18.000000
1390910400 -17.000000
1390914000 -16.000000
1390917600 -15.000000
1390921200 -14.000000
1390924800 -12.000000
1390928400 -10.000000
1390932000 -8.000000
1390935600 -7.000000
1390939200 -6.000000
1390942800 -5.000000
1390946400 -5.000000
1390950000 -5.000000
1390953600 -5.000000
1390957200 -6.000000
1390960800 -6.000000
1390964400 -7.000000
1390968000 -7.000000
1390971600 -7.000000
1390975200 -7.000000
1390978800 -9.000000
1390982400 -10.000000
1390986000 -12.000000
1390989600 -11.000000
1390993200 -9.000000
1390996800 -8.000000
1391000400 -8.000000
1391004000 -8.000000
1391007600 -8.000000
1391011200 -6.000000
1391014800 -3.000000
1391018400 -1.000000
1391022000 0.000000
1391025600 1.000000
1391029200 3.000000
1391032800 3.000000
1391036400 3.000000
1391040000 3.000000
1391043600 2.000000
1391047200 2.000000
1391050800 1.000000
1391054400 1.000000
1391058000 1.000000
1391061600 1.000000
1391065200 -4.000000
1391068800 -10.000000
1391072400 -16.000000
1391076000 -7.000000
1391079600 0.000000
1391083200 9.000000
1391086800 8.000000
1391090400 6.000000
1391094000 5.000000
1391097600 7.000000
1391101200 8.000000
1391104800 10.000000
1391108400 11.000000
1391112000 13.000000
1391115600 14.000000
1391119200 13.000000
1391122800 13.000000
1391126400 12.000000
1391130000 9.000000
1391133600 6.000000
1391137200 3.000000
1391140800 2.000000
1391144400 2.000000
1391148000 1.000000
1391151600 4.000000
1391155200 7.000000
1391158800 10.000000
1391162400 10.000000
1391166000 10.000000
1391169600 10.000000
1391173200 10.000000
1391176800 9.000000
1391180400 9.000000
1391184000 8.000000
1391187600 8.000000
1391191200 7.000000
1391194800 6.000000
1391198400 6.000000
1391202000 5.000000
1391205600 6.000000
1391209200 6.000000
1391212800 7.000000
1391216400 6.000000
1391220000 4.000000
1391223600 3.000000
1391227200 3.000000
1391230800 3.000000
1391234400 3.000000
1391238000 2.000000
1391241600 2.000000
1391245200 1.000000
1391248800 1.000000
1391252400 0.000000
1391256000 0.000000
1391259600 0.000000
1391263200 0.000000
1391266800 0.000000
1391270400 2.000000
1391274000 5.000000
1391277600 7.000000
1391281200 6.000000
1391284800 6.000000
1391288400 5.000000
1391292000 5.000000
1391295600 5.000000
1391299200 5.000000
1391302800 4.000000
1391306400 2.000000
1391310000 1.000000
1391313600 1.000000
1391317200 0.000000
1391320800 0.000000
1391324400 0.000000
1391328000 0.000000
1391331600 0.000000
1391335200 0.000000
1391338800 0.000000
1391342400 0.000000
1391346000 2.000000
1391349600 3.000000
1391353200 5.000000
1391356800 6.000000
1391360400 8.000000
1391364000 9.000000
1391367600 8.000000
1391371200 8.000000
1391374800 7.000000
1391378400 6.000000
1391382000 6.000000
1391385600 5.000000
1391389200 4.000000
1391392800 4.000000
1391396400 3.000000
