1390190400 28.000000
1390194000 27.000000
1390197600 25.000000
1390201200 22.000000
1390204800 19.000000
1390208400 16.000000
1390212000 19.000000
1390215600 22.000000
1390219200 25.000000
1390222800 23.000000
1390226400 20.000000
1390230000 18.000000
1390233600 17.000000
1390237200 15.000000
1390240800 14.000000
1390244400 11.000000
1390248000 8.000000
1390251600 5.000000
1390255200 4.000000
1390258800 2.000000
1390262400 1.000000
1390266000 0.000000
1390269600 0.000000
1390273200 -1.000000
1390276800 -3.000000
1390280400 -5.000000
1390284000 -7.000000
1390287600 -8.000000
1390291200 -9.000000
1390294800 -10.000000
1390298400 -11.000000
1390302000 -11.000000
1390305600 -12.000000
1390309200 -11.000000
1390312800 -11.000000
1390316400 -10.000000
1390320000 -9.000000
1390323600 -8.000000
1390327200 -7.000000
1390330800 -4.000000
1390334400 -1.000000
1390338000 1.000000
1390341600 2.000000
1390345200 2.000000
1390348800 3.000000
1390352400 2.000000
1390356000 1.000000
1390359600 0.000000
1390363200 1.000000
1390366800 2.000000
1390370400 3.000000
1390374000 2.000000
1390377600 2.000000
1390381200 1.000000
1390384800 1.000000
1390388400 0.000000
1390392000 0.000000
1390395600 2.000000
1390399200 3.000000
1390402800 5.000000
1390406400 6.000000
1390410000 6.000000
1390413600 7.000000
1390417200 8.000000
1390420800 8.000000
1390424400 9.000000
1390428000 6.000000
1390431600 4.000000
1390435200 1.000000
1390438800 0.000000
1390442400 0.000000
1390446000 -1.000000
1390449600 -2.000000
1390453200 -4.000000
1390456800 -5.000000
1390460400 -7.000000
1390464000 -10.000000
1390467600 -12.000000
1390471200 -11.000000
1390474800 -11.000000
1390478400 -10.000000
1390482000 -9.000000
1390485600 -9.000000
1390489200 -8.000000
1390492800 -5.000000
1390496400 -2.000000
1390500000 0.000000
1390503600 0.000000
1390507200 1.000000
1390510800 1.000000
1390514400 1.000000
1390518000 1.000000
1390521600 1.000000
1390525200 0.000000
1390528800 -3.000000
1390532400 -5.000000
1390536000 -4.000000
1390539600 -2.000000
1390543200 -1.000000
1390546800 -1.000000
1390550400 -1.000000
1390554000 -1.000000
1390557600 2.000000
1390561200 5.000000
1390564800 9.000000
1390568400 9.000000
1390572000 10.000000
1390575600 10.000000
1390579200 13.000000
1390582800 15.000000
1390586400 18.000000
1390590000 19.000000
1390593600 20.000000
1390597200 21.000000
1390600800 21.000000
1390604400 21.000000
1390608000 21.000000
1390611600 21.000000
1390615200 21.000000
1390618800 21.000000
1390622400 22.000000
1390626000 22.000000
1390629600 23.000000
1390633200 24.000000
1390636800 26.000000
1390640400 27.000000
1390644000 27.000000
1390647600 28.000000
1390651200 28.000000
1390654800 29.000000
1390658400 31.000000
1390662000 32.000000
1390665600 33.000000
1390669200 33.000000
1390672800 34.000000
1390676400 31.000000
1390680000 28.000000
1390683600 25.000000
1390687200 19.000000
1390690800 13.000000
1390694400 7.000000
1390698000 8.000000
1390701600 8.000000
1390705200 9.000000
1390708800 8.000000
1390712400 8.000000
1390716000 7.000000
1390719600 14.000000
1390723200 20.000000
1390726800 27.000000
1390730400 20.000000
1390734000 12.000000
1390737600 5.000000
1390741200 5.000000
1390744800 5.000000
1390748400 5.000000
1390752000 10.000000
1390755600 14.000000
1390759200 19.000000
1390762800 20.000000
1390766400 20.000000
1390770000 21.000000
1390773600 11.000000
1390777200 2.000000
1390780800 -7.000000
1390784400 2.000000
1390788000 11.000000
1390791600 21.000000
1390795200 16.000000
1390798800 12.000000
1390802400 7.000000
1390806000 13.000000
1390809600 19.000000
1390813200 25.000000
1390816800 18.000000
1390820400 12.000000
1390824000 5.000000
1390827600 13.000000
1390831200 20.000000
1390834800 28.000000
1390838400 28.000000
1390842000 28.000000
1390845600 28.000000
1390849200 29.000000
1390852800 29.000000
1390856400 30.000000
1390860000 29.000000
1390863600 28.000000
1390867200 27.000000
1390870800 26.000000
1390874400 24.000000
1390878000 23.000000
1390881600 22.000000
1390885200 20.000000
1390888800 19.000000
1390892400 13.000000
1390896000 6.000000
1390899600 0.000000
1390903200 0.000000
1390906800 1.000000
1390910400 1.000000
1390914000 2.000000
1390917600 4.000000
1390921200 5.000000
1390924800 7.000000
1390928400 8.000000
1390932000 10.000000
1390935600 11.000000
1390939200 11.000000
1390942800 12.000000
1390946400 11.000000
1390950000 11.000000
1390953600 10.000000
1390957200 9.000000
1390960800 8.000000
1390964400 7.000000
1390968000 7.000000
1390971600 7.000000
1390975200 7.000000
1390978800 8.000000
1390982400 8.000000
1390986000 9.000000
1390989600 9.000000
1390993200 9.000000
1390996800 9.000000
1391000400 10.000000
1391004000 11.000000
1391007600 12.000000
1391011200 14.000000
1391014800 16.000000
1391018400 18.000000
1391022000 17.000000
1391025600 17.000000
1391029200 16.000000
1391032800 15.000000
1391036400 15.000000
1391040000 14.000000
1391043600 14.000000
1391047200 14.000000
1391050800 14.000000
