1389121200 -1.000000
1389124800 0.000000
1389128400 1.000000
1389132000 0.000000
1389135600 -3.000000
1389139200 -5.000000
1389142800 -6.000000
1389146400 -6.000000
1389150000 -7.000000
1389153600 -7.000000
1389157200 -7.000000
1389160800 -7.000000
1389164400 -9.000000
1389168000 -12.000000
1389171600 -14.000000
1389175200 -15.000000
1389178800 -15.000000
1389182400 -16.000000
1389186000 -15.000000
1389189600 -13.000000
1389193200 -12.000000
1389196800 -10.000000
1389200400 -7.000000
1389204000 -5.000000
1389207600 -1.000000
1389211200 1.000000
1389214800 5.000000
1389218400 4.000000
1389222000 4.000000
1389225600 3.000000
1389229200 1.000000
1389232800 0.000000
1389236400 -1.000000
1389240000 -3.000000
1389243600 -5.000000
1389247200 -7.000000
1389250800 -7.000000
1389254400 -8.000000
1389258000 -8.000000
1389261600 -7.000000
1389265200 -6.000000
1389268800 -5.000000
1389272400 -4.000000
1389276000 -2.000000
1389279600 -1.000000
1389283200 3.000000
1389286800 7.000000
1389290400 12.000000
1389294000 14.000000
1389297600 16.000000
1389301200 18.000000
1389304800 18.000000
1389308400 19.000000
1389312000 19.000000
1389315600 20.000000
1389319200 22.000000
1389322800 23.000000
1389326400 23.000000
1389330000 23.000000
1389333600 23.000000
1389337200 23.000000
1389340800 23.000000
1389344400 23.000000
1389348000 24.000000
1389351600 24.000000
1389355200 25.000000
1389358800 25.000000
1389362400 25.000000
1389366000 25.000000
1389369600 27.000000
1389373200 30.000000
1389376800 32.000000
1389380400 33.000000
1389384000 33.000000
1389387600 34.000000
1389391200 35.000000
1389394800 35.000000
1389398400 36.000000
1389402000 36.000000
1389405600 36.000000
1389409200 36.000000
1389412800 35.000000
1389416400 35.000000
1389420000 34.000000
1389423600 33.000000
1389427200 31.000000
1389430800 30.000000
1389434400 29.000000
1389438000 28.000000
1389441600 27.000000
1389445200 27.000000
1389448800 27.000000
1389452400 27.000000
1389456000 27.000000
1389459600 28.000000
1389463200 28.000000
1389466800 29.000000
1389470400 29.000000
1389474000 30.000000
1389477600 31.000000
1389481200 31.000000
1389484800 32.000000
1389488400 32.000000
1389492000 32.000000
1389495600 32.000000
1389499200 31.000000
1389502800 31.000000
1389506400 30.000000
1389510000 29.000000
1389513600 29.000000
1389517200 28.000000
1389520800 28.000000
1389524400 28.000000
1389528000 28.000000
1389531600 28.000000
1389535200 28.000000
1389538800 28.000000
1389542400 29.000000
1389546000 29.000000
1389549600 30.000000
1389553200 31.000000
1389556800 31.000000
1389560400 32.000000
1389564000 30.000000
1389567600 29.000000
1389571200 27.000000
1389574800 26.000000
1389578400 24.000000
1389582000 23.000000
1389585600 21.000000
1389589200 18.000000
1389592800 16.000000
1389596400 17.000000
1389600000 18.000000
1389603600 19.000000
1389607200 18.000000
1389610800 17.000000
1389614400 16.000000
1389618000 17.000000
1389621600 18.000000
1389625200 19.000000
1389628800 20.000000
1389632400 22.000000
1389636000 23.000000
1389639600 22.000000
1389643200 22.000000
1389646800 21.000000
1389650400 21.000000
1389654000 21.000000
1389657600 21.000000
1389661200 21.000000
1389664800 21.000000
1389668400 21.000000
1389672000 21.000000
1389675600 21.000000
1389679200 21.000000
1389682800 22.000000
1389686400 22.000000
1389690000 23.000000
1389693600 23.000000
1389697200 23.000000
1389700800 23.000000
1389704400 24.000000
1389708000 24.000000
1389711600 25.000000
1389715200 26.000000
1389718800 27.000000
1389722400 28.000000
1389726000 28.000000
1389729600 27.000000
1389733200 27.000000
1389736800 26.000000
1389740400 26.000000
1389744000 25.000000
1389747600 24.000000
1389751200 24.000000
1389754800 23.000000
1389758400 22.000000
1389762000 22.000000
1389765600 21.000000
1389769200 20.000000
1389772800 20.000000
1389776400 19.000000
1389780000 19.000000
1389783600 18.000000
1389787200 18.000000
1389790800 18.000000
1389794400 19.000000
1389798000 19.000000
1389801600 20.000000
1389805200 20.000000
1389808800 21.000000
1389812400 20.000000
1389816000 20.000000
1389819600 19.000000
1389823200 19.000000
1389826800 18.000000
1389830400 18.000000
1389834000 17.000000
1389837600 17.000000
1389841200 16.000000
1389844800 15.000000
1389848400 15.000000
1389852000 14.000000
1389855600 14.000000
1389859200 14.000000
1389862800 14.000000
1389866400 13.000000
1389870000 13.000000
1389873600 12.000000
1389877200 13.000000
1389880800 13.000000
1389884400 14.000000
1389888000 15.000000
1389891600 15.000000
1389895200 16.000000
1389898800 15.000000
1389902400 13.000000
1389906000 12.000000
1389909600 11.000000
1389913200 11.000000
1389916800 10.000000
1389920400 9.000000
1389924000 8.000000
1389927600 7.000000
1389931200 6.000000
1389934800 4.000000
1389938400 3.000000
1389942000 2.000000
1389945600 1.000000
1389949200 0.000000
1389952800 0.000000
1389956400 -2.000000
1389960000 -3.000000
1389963600 -2.000000
1389967200 0.000000
1389970800 0.000000
1389974400 0.000000
1389978000 1.000000
1389981600 1.000000
