1393869600 5.000000
1393873200 8.000000
1393876800 11.000000
1393880400 14.000000
1393884000 12.000000
1393887600 11.000000
1393891200 9.000000
1393894800 9.000000
1393898400 9.000000
1393902000 9.000000
1393905600 9.000000
1393909200 9.000000
1393912800 9.000000
1393916400 7.000000
1393920000 5.000000
1393923600 3.000000
1393927200 3.000000
1393930800 3.000000
1393934400 3.000000
1393938000 5.000000
1393941600 7.000000
1393945200 9.000000
1393948800 12.000000
1393952400 15.000000
1393956000 18.000000
1393959600 19.000000
1393963200 20.000000
1393966800 21.000000
1393970400 22.000000
1393974000 22.000000
1393977600 23.000000
1393981200 21.000000
1393984800 18.000000
1393988400 16.000000
1393992000 15.000000
1393995600 13.000000
1393999200 12.000000
1394002800 11.000000
1394006400 11.000000
1394010000 10.000000
1394013600 10.000000
1394017200 9.000000
1394020800 9.000000
1394024400 12.000000
1394028000 16.000000
1394031600 19.000000
1394035200 21.000000
1394038800 23.000000
1394042400 25.000000
1394046000 24.000000
1394049600 22.000000
1394053200 21.000000
1394056800 21.000000
1394060400 21.000000
1394064000 21.000000
1394067600 22.000000
1394071200 22.000000
1394074800 23.000000
1394078400 21.000000
1394082000 20.000000
1394085600 18.000000
1394089200 17.000000
1394092800 17.000000
1394096400 16.000000
1394100000 15.000000
1394103600 13.000000
1394107200 12.000000
1394110800 14.000000
1394114400 17.000000
1394118000 19.000000
1394121600 20.000000
1394125200 22.000000
1394128800 23.000000
1394132400 24.000000
1394136000 26.000000
1394139600 27.000000
1394143200 27.000000
1394146800 27.000000
1394150400 27.000000
1394154000 26.000000
1394157600 26.000000
1394161200 25.000000
1394164800 24.000000
1394168400 22.000000
1394172000 21.000000
1394175600 22.000000
1394179200 22.000000
1394182800 23.000000
1394186400 22.000000
1394190000 20.000000
1394193600 19.000000
1394197200 23.000000
1394200800 26.000000
1394204400 30.000000
1394208000 31.000000
1394211600 31.000000
1394215200 32.000000
1394218800 32.000000
1394222400 32.000000
1394226000 32.000000
1394229600 30.000000
1394233200 29.000000
1394236800 27.000000
1394240400 23.000000
1394244000 18.000000
1394247600 14.000000
1394251200 15.000000
1394254800 17.000000
1394258400 18.000000
1394262000 14.000000
1394265600 11.000000
1394269200 7.000000
1394272800 8.000000
1394276400 9.000000
1394280000 10.000000
1394283600 9.000000
1394287200 8.000000
1394290800 7.000000
1394294400 12.000000
1394298000 18.000000
1394301600 23.000000
1394305200 21.000000
1394308800 20.000000
1394312400 18.000000
1394316000 17.000000
1394319600 17.000000
1394323200 16.000000
1394326800 15.000000
1394330400 15.000000
1394334000 14.000000
1394337600 13.000000
1394341200 11.000000
1394344800 10.000000
1394348400 9.000000
1394352000 8.000000
1394355600 7.000000
1394359200 6.000000
1394362800 6.000000
1394366400 5.000000
1394370000 4.000000
1394373600 4.000000
1394377200 3.000000
1394380800 10.000000
1394384400 16.000000
1394388000 23.000000
1394391600 24.000000
1394395200 26.000000
1394398800 27.000000
1394402400 26.000000
1394406000 26.000000
1394409600 25.000000
1394413200 24.000000
1394416800 24.000000
1394420400 23.000000
1394424000 25.000000
1394427600 28.000000
1394431200 30.000000
1394434800 28.000000
1394438400 27.000000
1394442000 25.000000
1394445600 24.000000
1394449200 24.000000
1394452800 23.000000
1394456400 25.000000
1394460000 26.000000
1394463600 28.000000
1394467200 29.000000
1394470800 29.000000
1394474400 30.000000
1394478000 32.000000
1394481600 34.000000
1394485200 36.000000
1394488800 37.000000
1394492400 38.000000
1394496000 39.000000
1394499600 38.000000
1394503200 37.000000
1394506800 36.000000
1394510400 34.000000
1394514000 32.000000
1394517600 30.000000
1394521200 27.000000
1394524800 24.000000
1394528400 21.000000
1394532000 20.000000
1394535600 20.000000
1394539200 19.000000
1394542800 19.000000
1394546400 19.000000
1394550000 19.000000
1394553600 20.000000
1394557200 22.000000
1394560800 23.000000
1394564400 25.000000
1394568000 26.000000
1394571600 28.000000
1394575200 29.000000
1394578800 29.000000
1394582400 30.000000
1394586000 28.000000
1394589600 27.000000
1394593200 25.000000
1394596800 22.000000
1394600400 19.000000
1394604000 16.000000
1394607600 15.000000
1394611200 15.000000
1394614800 14.000000
1394618400 13.000000
1394622000 11.000000
1394625600 10.000000
1394629200 12.000000
1394632800 14.000000
1394636400 16.000000
1394640000 18.000000
1394643600 19.000000
1394647200 21.000000
1394650800 22.000000
1394654400 22.000000
1394658000 23.000000
1394661600 24.000000
1394665200 24.000000
1394668800 25.000000
1394672400 23.000000
1394676000 20.000000
1394679600 18.000000
1394683200 17.000000
1394686800 17.000000
1394690400 16.000000
1394694000 15.000000
1394697600 15.000000
1394701200 14.000000
1394704800 13.000000
1394708400 13.000000
1394712000 12.000000
1394715600 14.000000
1394719200 16.000000
1394722800 18.000000
1394726400 19.000000
1394730000 20.000000
