1388379600 -7.000000
1388383200 -5.000000
1388386800 -8.000000
1388390400 -11.000000
1388394000 -14.000000
1388397600 -10.000000
1388401200 -5.000000
1388404800 -1.000000
1388408400 0.000000
1388412000 0.000000
1388415600 0.000000
1388419200 0.000000
1388422800 0.000000
1388426400 -1.000000
1388430000 2.000000
1388433600 6.000000
1388437200 10.000000
1388440800 7.000000
1388444400 4.000000
1388448000 1.000000
1388451600 3.000000
1388455200 5.000000
1388458800 7.000000
1388462400 4.000000
1388466000 1.000000
1388469600 -1.000000
1388473200 -3.000000
1388476800 -6.000000
1388480400 -8.000000
1388484000 -8.000000
1388487600 -8.000000
1388491200 -8.000000
1388494800 -7.000000
1388498400 -6.000000
1388502000 -5.000000
1388505600 -4.000000
1388509200 -2.000000
1388512800 -1.000000
1388516400 0.000000
1388520000 3.000000
1388523600 5.000000
1388527200 4.000000
1388530800 4.000000
1388534400 3.000000
1388538000 3.000000
1388541600 3.000000
1388545200 3.000000
1388548800 1.000000
1388552400 0.000000
1388556000 -1.000000
1388559600 -2.000000
1388563200 -2.000000
1388566800 -3.000000
1388570400 -2.000000
1388574000 -2.000000
1388577600 -1.000000
1388581200 -1.000000
1388584800 -1.000000
1388588400 -1.000000
1388592000 0.000000
1388595600 1.000000
1388599200 3.000000
1388602800 4.000000
1388606400 6.000000
1388610000 7.000000
1388613600 6.000000
1388617200 4.000000
1388620800 3.000000
1388624400 4.000000
1388628000 6.000000
1388631600 7.000000
1388635200 4.000000
1388638800 1.000000
1388642400 -1.000000
1388646000 0.000000
1388649600 0.000000
1388653200 0.000000
1388656800 -5.000000
1388660400 -10.000000
1388664000 -16.000000
1388667600 -14.000000
1388671200 -12.000000
1388674800 -10.000000
1388678400 -5.000000
1388682000 0.000000
1388685600 5.000000
1388689200 5.000000
1388692800 5.000000
1388696400 5.000000
1388700000 4.000000
1388703600 2.000000
1388707200 1.000000
1388710800 -1.000000
1388714400 -4.000000
1388718000 -7.000000
1388721600 -4.000000
1388725200 -2.000000
1388728800 0.000000
1388732400 -2.000000
1388736000 -4.000000
1388739600 -7.000000
1388743200 -6.000000
1388746800 -4.000000
1388750400 -3.000000
1388754000 -4.000000
1388757600 -4.000000
1388761200 -5.000000
1388764800 -1.000000
1388768400 1.000000
1388772000 5.000000
1388775600 6.000000
1388779200 6.000000
1388782800 7.000000
1388786400 8.000000
1388790000 8.000000
1388793600 9.000000
1388797200 11.000000
1388800800 12.000000
1388804400 14.000000
1388808000 13.000000
1388811600 13.000000
1388815200 12.000000
1388818800 12.000000
1388822400 12.000000
1388826000 12.000000
1388829600 13.000000
1388833200 13.000000
1388836800 14.000000
1388840400 16.000000
1388844000 19.000000
1388847600 21.000000
1388851200 26.000000
1388854800 32.000000
1388858400 37.000000
1388862000 38.000000
1388865600 38.000000
1388869200 39.000000
1388872800 35.000000
1388876400 32.000000
1388880000 28.000000
1388883600 27.000000
1388887200 26.000000
1388890800 25.000000
1388894400 23.000000
1388898000 21.000000
1388901600 19.000000
1388905200 16.000000
1388908800 12.000000
1388912400 9.000000
1388916000 11.000000
1388919600 14.000000
1388923200 16.000000
1388926800 12.000000
1388930400 9.000000
1388934000 5.000000
1388937600 6.000000
1388941200 6.000000
1388944800 7.000000
1388948400 9.000000
1388952000 12.000000
1388955600 14.000000
1388959200 12.000000
1388962800 9.000000
1388966400 7.000000
1388970000 8.000000
1388973600 8.000000
1388977200 9.000000
1388980800 8.000000
1388984400 6.000000
1388988000 5.000000
1388991600 2.000000
1388995200 0.000000
1388998800 -3.000000
1389002400 -1.000000
1389006000 1.000000
1389009600 3.000000
1389013200 2.000000
1389016800 1.000000
1389020400 0.000000
1389024000 8.000000
1389027600 15.000000
1389031200 23.000000
1389034800 24.000000
1389038400 26.000000
1389042000 27.000000
1389045600 24.000000
1389049200 21.000000
1389052800 18.000000
1389056400 17.000000
1389060000 17.000000
1389063600 16.000000
1389067200 13.000000
1389070800 10.000000
1389074400 7.000000
1389078000 3.000000
1389081600 -1.000000
1389085200 -5.000000
1389088800 -5.000000
1389092400 -5.000000
1389096000 -5.000000
1389099600 -4.000000
1389103200 -4.000000
1389106800 -3.000000
1389110400 -2.000000
1389114000 0.000000
1389117600 0.000000
1389121200 0.000000
1389124800 0.000000
1389128400 -1.000000
1389132000 -2.000000
1389135600 -2.000000
1389139200 -3.000000
1389142800 1.000000
1389146400 5.000000
1389150000 10.000000
1389153600 4.000000
1389157200 -1.000000
1389160800 -7.000000
1389164400 -7.000000
1389168000 -8.000000
1389171600 -8.000000
1389175200 -8.000000
1389178800 -8.000000
1389182400 -8.000000
1389186000 -7.000000
1389189600 -6.000000
1389193200 -5.000000
1389196800 -4.000000
1389200400 -2.000000
1389204000 -1.000000
1389207600 -2.000000
1389211200 -2.000000
1389214800 -3.000000
1389218400 -4.000000
1389222000 -4.000000
1389225600 -5.000000
1389229200 -5.000000
1389232800 -5.000000
1389236400 -5.000000
1389240000 -6.000000
