1390579200 23.000000
1390582800 26.000000
1390586400 30.000000
1390590000 31.000000
1390593600 33.000000
1390597200 34.000000
1390600800 33.000000
1390604400 31.000000
1390608000 30.000000
1390611600 28.000000
1390615200 27.000000
1390618800 25.000000
1390622400 23.000000
1390626000 20.000000
1390629600 18.000000
1390633200 18.000000
1390636800 18.000000
1390640400 18.000000
1390644000 15.000000
1390647600 12.000000
1390651200 9.000000
1390654800 7.000000
1390658400 5.000000
1390662000 3.000000
1390665600 4.000000
1390669200 6.000000
1390672800 7.000000
1390676400 8.000000
1390680000 8.000000
1390683600 9.000000
1390687200 7.000000
1390690800 5.000000
1390694400 3.000000
1390698000 4.000000
1390701600 4.000000
1390705200 5.000000
1390708800 6.000000
1390712400 6.000000
1390716000 7.000000
1390719600 8.000000
1390723200 8.000000
1390726800 9.000000
1390730400 10.000000
1390734000 11.000000
1390737600 12.000000
1390741200 11.000000
1390744800 11.000000
1390748400 10.000000
1390752000 13.000000
1390755600 15.000000
1390759200 18.000000
1390762800 17.000000
1390766400 17.000000
1390770000 16.000000
1390773600 12.000000
1390777200 7.000000
1390780800 3.000000
1390784400 4.000000
1390788000 4.000000
1390791600 5.000000
1390795200 2.000000
1390798800 0.000000
1390802400 -3.000000
1390806000 -3.000000
1390809600 -3.000000
1390813200 -3.000000
1390816800 -5.000000
1390820400 -6.000000
1390824000 -8.000000
1390827600 -9.000000
1390831200 -9.000000
1390834800 -10.000000
1390838400 -10.000000
1390842000 -10.000000
1390845600 -10.000000
1390849200 -10.000000
1390852800 -10.000000
1390856400 -10.000000
1390860000 -10.000000
1390863600 -10.000000
1390867200 -10.000000
1390870800 -11.000000
1390874400 -13.000000
1390878000 -14.000000
1390881600 -13.000000
1390885200 -11.000000
1390888800 -10.000000
1390892400 -11.000000
1390896000 -11.000000
1390899600 -12.000000
1390903200 -13.000000
1390906800 -13.000000
1390910400 -14.000000
1390914000 -14.000000
1390917600 -14.000000
1390921200 -14.000000
1390924800 -12.000000
1390928400 -10.000000
1390932000 -8.000000
1390935600 -7.000000
1390939200 -6.000000
1390942800 -5.000000
1390946400 -5.000000
1390950000 -5.000000
1390953600 -5.000000
1390957200 -6.000000
1390960800 -6.000000
1390964400 -7.000000
1390968000 -9.000000
1390971600 -10.000000
1390975200 -12.000000
1390978800 -11.000000
1390982400 -9.000000
1390986000 -8.000000
1390989600 -9.000000
1390993200 -11.000000
1390996800 -12.000000
1391000400 -10.000000
1391004000 -9.000000
1391007600 -7.000000
1391011200 -4.000000
1391014800 -1.000000
1391018400 1.000000
1391022000 2.000000
1391025600 4.000000
1391029200 5.000000
1391032800 4.000000
1391036400 4.000000
1391040000 3.000000
1391043600 3.000000
1391047200 3.000000
1391050800 3.000000
1391054400 5.000000
1391058000 8.000000
1391061600 10.000000
1391065200 7.000000
1391068800 3.000000
1391072400 0.000000
1391076000 0.000000
1391079600 0.000000
1391083200 0.000000
1391086800 2.000000
1391090400 5.000000
1391094000 7.000000
1391097600 9.000000
1391101200 12.000000
1391104800 14.000000
1391108400 15.000000
1391112000 17.000000
1391115600 18.000000
1391119200 12.000000
1391122800 7.000000
1391126400 1.000000
1391130000 2.000000
1391133600 4.000000
1391137200 5.000000
1391140800 5.000000
1391144400 5.000000
1391148000 5.000000
1391151600 5.000000
1391155200 5.000000
1391158800 5.000000
1391162400 6.000000
1391166000 6.000000
1391169600 7.000000
1391173200 8.000000
1391176800 9.000000
1391180400 10.000000
1391184000 15.000000
1391187600 20.000000
1391191200 25.000000
1391194800 22.000000
1391198400 19.000000
1391202000 16.000000
1391205600 15.000000
1391209200 13.000000
1391212800 12.000000
1391216400 10.000000
1391220000 9.000000
1391223600 7.000000
1391227200 6.000000
1391230800 6.000000
1391234400 5.000000
1391238000 5.000000
1391241600 5.000000
1391245200 5.000000
1391248800 5.000000
1391252400 5.000000
1391256000 5.000000
1391259600 6.000000
1391263200 8.000000
1391266800 9.000000
1391270400 10.000000
1391274000 11.000000
1391277600 12.000000
1391281200 12.000000
1391284800 12.000000
1391288400 12.000000
1391292000 11.000000
1391295600 11.000000
1391299200 10.000000
1391302800 10.000000
1391306400 9.000000
1391310000 9.000000
1391313600 8.000000
1391317200 6.000000
1391320800 5.000000
1391324400 5.000000
1391328000 5.000000
1391331600 5.000000
1391335200 5.000000
1391338800 5.000000
1391342400 5.000000
1391346000 6.000000
1391349600 8.000000
1391353200 9.000000
1391356800 10.000000
1391360400 11.000000
1391364000 12.000000
1391367600 11.000000
1391371200 11.000000
1391374800 10.000000
1391378400 10.000000
1391382000 9.000000
1391385600 9.000000
1391389200 8.000000
1391392800 8.000000
1391396400 7.000000
1391400000 6.000000
1391403600 4.000000
1391407200 3.000000
1391410800 2.000000
1391414400 2.000000
1391418000 1.000000
1391421600 1.000000
1391425200 1.000000
1391428800 1.000000
1391432400 2.000000
1391436000 4.000000
1391439600 5.000000
