1388034000 9.000000
1388037600 7.000000
1388041200 7.000000
1388044800 7.000000
1388048400 7.000000
1388052000 10.000000
1388055600 13.000000
1388059200 16.000000
1388062800 16.000000
1388066400 16.000000
1388070000 16.000000
1388073600 16.000000
1388077200 16.000000
1388080800 16.000000
1388084400 17.000000
1388088000 18.000000
1388091600 19.000000
1388095200 19.000000
1388098800 18.000000
1388102400 18.000000
1388106000 17.000000
1388109600 15.000000
1388113200 14.000000
1388116800 12.000000
1388120400 11.000000
1388124000 9.000000
1388127600 9.000000
1388131200 9.000000
1388134800 9.000000
1388138400 8.000000
1388142000 8.000000
1388145600 7.000000
1388149200 12.000000
1388152800 18.000000
1388156400 23.000000
1388160000 25.000000
1388163600 26.000000
1388167200 28.000000
1388170800 30.000000
1388174400 32.000000
1388178000 34.000000
1388181600 32.000000
1388185200 30.000000
1388188800 28.000000
1388192400 28.000000
1388196000 27.000000
1388199600 27.000000
1388203200 26.000000
1388206800 24.000000
1388210400 23.000000
1388214000 24.000000
1388217600 26.000000
1388221200 27.000000
1388224800 26.000000
1388228400 26.000000
1388232000 25.000000
1388235600 26.000000
1388239200 27.000000
1388242800 28.000000
1388246400 29.000000
1388250000 31.000000
1388253600 32.000000
1388257200 32.000000
1388260800 32.000000
1388264400 32.000000
1388268000 31.000000
1388271600 29.000000
1388275200 28.000000
1388278800 24.000000
1388282400 20.000000
1388286000 16.000000
1388289600 13.000000
1388293200 10.000000
1388296800 7.000000
1388300400 5.000000
1388304000 2.000000
1388307600 0.000000
1388311200 -1.000000
1388314800 -3.000000
1388318400 -5.000000
1388322000 -3.000000
1388325600 -1.000000
1388329200 0.000000
1388332800 1.000000
1388336400 2.000000
1388340000 3.000000
1388343600 3.000000
1388347200 3.000000
1388350800 3.000000
1388354400 1.000000
1388358000 -1.000000
1388361600 -3.000000
1388365200 -3.000000
1388368800 -3.000000
1388372400 -3.000000
1388376000 -5.000000
1388379600 -6.000000
1388383200 -8.000000
1388386800 -8.000000
1388390400 -8.000000
1388394000 -8.000000
1388397600 -9.000000
1388401200 -9.000000
1388404800 -10.000000
1388408400 -9.000000
1388412000 -9.000000
1388415600 -8.000000
1388419200 -6.000000
1388422800 -3.000000
1388426400 -1.000000
1388430000 0.000000
1388433600 3.000000
1388437200 5.000000
1388440800 3.000000
1388444400 2.000000
1388448000 0.000000
1388451600 0.000000
1388455200 0.000000
1388458800 0.000000
1388462400 0.000000
1388466000 0.000000
1388469600 0.000000
1388473200 2.000000
1388476800 5.000000
1388480400 7.000000
1388484000 0.000000
1388487600 -5.000000
1388491200 -12.000000
1388494800 -10.000000
1388498400 -7.000000
1388502000 -5.000000
1388505600 -3.000000
1388509200 -1.000000
1388512800 0.000000
1388516400 0.000000
1388520000 0.000000
1388523600 0.000000
1388527200 1.000000
1388530800 2.000000
1388534400 3.000000
1388538000 2.000000
1388541600 2.000000
1388545200 1.000000
1388548800 0.000000
1388552400 0.000000
1388556000 -1.000000
1388559600 -2.000000
1388563200 -4.000000
1388566800 -5.000000
1388570400 -4.000000
1388574000 -4.000000
1388577600 -3.000000
1388581200 -1.000000
1388584800 0.000000
1388588400 1.000000
1388592000 4.000000
1388595600 7.000000
1388599200 10.000000
1388602800 8.000000
1388606400 5.000000
1388610000 3.000000
1388613600 3.000000
1388617200 3.000000
1388620800 3.000000
1388624400 2.000000
1388628000 2.000000
1388631600 1.000000
1388635200 1.000000
1388638800 0.000000
1388642400 0.000000
1388646000 0.000000
1388649600 1.000000
1388653200 1.000000
1388656800 1.000000
1388660400 0.000000
1388664000 0.000000
1388667600 1.000000
1388671200 2.000000
1388674800 3.000000
1388678400 4.000000
1388682000 6.000000
1388685600 7.000000
1388689200 7.000000
1388692800 7.000000
1388696400 7.000000
1388700000 6.000000
1388703600 6.000000
1388707200 5.000000
1388710800 4.000000
1388714400 4.000000
1388718000 3.000000
1388721600 2.000000
1388725200 2.000000
1388728800 1.000000
1388732400 2.000000
1388736000 2.000000
1388739600 3.000000
1388743200 3.000000
1388746800 3.000000
1388750400 3.000000
1388754000 4.000000
1388757600 6.000000
1388761200 7.000000
1388764800 9.000000
1388768400 10.000000
1388772000 12.000000
1388775600 11.000000
1388779200 11.000000
1388782800 10.000000
1388786400 10.000000
1388790000 10.000000
1388793600 10.000000
1388797200 10.000000
1388800800 9.000000
1388804400 9.000000
1388808000 9.000000
1388811600 9.000000
1388815200 9.000000
1388818800 9.000000
1388822400 9.000000
1388826000 9.000000
1388829600 9.000000
1388833200 9.000000
1388836800 9.000000
1388840400 10.000000
1388844000 11.000000
1388847600 12.000000
1388851200 13.000000
1388854800 13.000000
1388858400 14.000000
1388862000 13.000000
1388865600 13.000000
1388869200 12.000000
1388872800 11.000000
1388876400 11.000000
1388880000 10.000000
1388883600 10.000000
1388887200 9.000000
1388890800 9.000000
1388894400 8.000000
