1394215200 37.000000
1394218800 37.000000
1394222400 36.000000
1394226000 36.000000
1394229600 33.000000
1394233200 31.000000
1394236800 28.000000
1394240400 26.000000
1394244000 25.000000
1394247600 23.000000
1394251200 21.000000
1394254800 20.000000
1394258400 18.000000
1394262000 16.000000
1394265600 14.000000
1394269200 12.000000
1394272800 11.000000
1394276400 10.000000
1394280000 9.000000
1394283600 12.000000
1394287200 16.000000
1394290800 19.000000
1394294400 22.000000
1394298000 24.000000
1394301600 27.000000
1394305200 27.000000
1394308800 27.000000
1394312400 27.000000
1394316000 24.000000
1394319600 22.000000
1394323200 19.000000
1394326800 18.000000
1394330400 17.000000
1394334000 16.000000
1394337600 16.000000
1394341200 16.000000
1394344800 16.000000
1394348400 17.000000
1394352000 18.000000
1394355600 19.000000
1394359200 19.000000
1394362800 19.000000
1394366400 19.000000
1394370000 23.000000
1394373600 26.000000
1394377200 30.000000
1394380800 31.000000
1394384400 33.000000
1394388000 34.000000
1394391600 36.000000
1394395200 39.000000
1394398800 41.000000
1394402400 40.000000
1394406000 40.000000
1394409600 39.000000
1394413200 40.000000
1394416800 42.000000
1394420400 43.000000
1394424000 39.000000
1394427600 36.000000
1394431200 32.000000
1394434800 33.000000
1394438400 33.000000
1394442000 34.000000
1394445600 33.000000
1394449200 31.000000
1394452800 30.000000
1394456400 32.000000
1394460000 34.000000
1394463600 36.000000
1394467200 39.000000
1394470800 43.000000
1394474400 46.000000
1394478000 46.000000
1394481600 46.000000
1394485200 46.000000
1394488800 44.000000
1394492400 43.000000
1394496000 41.000000
1394499600 40.000000
1394503200 40.000000
1394506800 39.000000
1394510400 37.000000
1394514000 36.000000
1394517600 34.000000
1394521200 33.000000
1394524800 33.000000
1394528400 32.000000
1394532000 31.000000
1394535600 31.000000
1394539200 30.000000
1394542800 32.000000
1394546400 34.000000
1394550000 36.000000
1394553600 37.000000
1394557200 38.000000
1394560800 39.000000
1394564400 38.000000
1394568000 38.000000
1394571600 37.000000
1394575200 36.000000
1394578800 35.000000
1394582400 34.000000
1394586000 31.000000
1394589600 28.000000
1394593200 25.000000
1394596800 25.000000
1394600400 25.000000
1394604000 25.000000
1394607600 23.000000
1394611200 21.000000
1394614800 19.000000
1394618400 19.000000
1394622000 18.000000
1394625600 18.000000
1394629200 19.000000
1394632800 20.000000
1394636400 21.000000
1394640000 23.000000
1394643600 25.000000
1394647200 27.000000
1394650800 28.000000
1394654400 29.000000
1394658000 30.000000
1394661600 30.000000
1394665200 30.000000
1394668800 30.000000
1394672400 30.000000
1394676000 30.000000
1394679600 30.000000
1394683200 29.000000
1394686800 29.000000
1394690400 28.000000
1394694000 26.000000
1394697600 23.000000
1394701200 21.000000
1394704800 20.000000
1394708400 20.000000
1394712000 19.000000
1394715600 23.000000
1394719200 26.000000
1394722800 30.000000
1394726400 28.000000
1394730000 27.000000
1394733600 25.000000
1394737200 30.000000
1394740800 34.000000
1394744400 39.000000
1394748000 38.000000
1394751600 37.000000
1394755200 36.000000
1394758800 35.000000
1394762400 33.000000
1394766000 32.000000
1394769600 31.000000
1394773200 31.000000
1394776800 30.000000
1394780400 29.000000
1394784000 29.000000
1394787600 28.000000
1394791200 29.000000
1394794800 29.000000
1394798400 30.000000
1394802000 28.000000
1394805600 27.000000
1394809200 25.000000
1394812800 27.000000
1394816400 30.000000
1394820000 32.000000
1394823600 34.000000
1394827200 37.000000
1394830800 39.000000
1394834400 40.000000
1394838000 40.000000
1394841600 41.000000
1394845200 40.000000
1394848800 40.000000
1394852400 39.000000
1394856000 37.000000
1394859600 36.000000
1394863200 34.000000
1394866800 31.000000
1394870400 28.000000
1394874000 25.000000
1394877600 24.000000
1394881200 22.000000
1394884800 21.000000
1394888400 23.000000
1394892000 25.000000
1394895600 27.000000
1394899200 29.000000
1394902800 30.000000
1394906400 32.000000
1394910000 34.000000
1394913600 37.000000
1394917200 39.000000
1394920800 38.000000
1394924400 37.000000
1394928000 36.000000
1394931600 35.000000
1394935200 35.000000
1394938800 34.000000
1394942400 31.000000
1394946000 28.000000
1394949600 25.000000
1394953200 24.000000
1394956800 24.000000
1394960400 23.000000
1394964000 22.000000
1394967600 20.000000
1394971200 19.000000
1394974800 22.000000
1394978400 24.000000
1394982000 27.000000
1394985600 29.000000
1394989200 32.000000
1394992800 34.000000
1394996400 34.000000
1395000000 34.000000
1395003600 34.000000
1395007200 33.000000
1395010800 31.000000
1395014400 30.000000
1395018000 29.000000
1395021600 28.000000
1395025200 27.000000
1395028800 26.000000
1395032400 26.000000
1395036000 25.000000
1395039600 24.000000
1395043200 24.000000
1395046800 23.000000
1395050400 22.000000
1395054000 22.000000
1395057600 21.000000
1395061200 23.000000
1395064800 25.000000
1395068400 27.000000
1395072000 29.000000
1395075600 32.000000
