1394172000 28.000000
1394175600 28.000000
1394179200 28.000000
1394182800 28.000000
1394186400 29.000000
1394190000 29.000000
1394193600 30.000000
1394197200 31.000000
1394200800 33.000000
1394204400 34.000000
1394208000 35.000000
1394211600 36.000000
1394215200 37.000000
1394218800 36.000000
1394222400 35.000000
1394226000 34.000000
1394229600 32.000000
1394233200 30.000000
1394236800 28.000000
1394240400 29.000000
1394244000 31.000000
1394247600 32.000000
1394251200 27.000000
1394254800 23.000000
1394258400 18.000000
1394262000 16.000000
1394265600 14.000000
1394269200 12.000000
1394272800 11.000000
1394276400 11.000000
1394280000 10.000000
1394283600 10.000000
1394287200 10.000000
1394290800 10.000000
1394294400 16.000000
1394298000 21.000000
1394301600 27.000000
1394305200 26.000000
1394308800 26.000000
1394312400 25.000000
1394316000 24.000000
1394319600 22.000000
1394323200 21.000000
1394326800 20.000000
1394330400 20.000000
1394334000 19.000000
1394337600 19.000000
1394341200 18.000000
1394344800 18.000000
1394348400 16.000000
1394352000 14.000000
1394355600 12.000000
1394359200 14.000000
1394362800 16.000000
1394366400 18.000000
1394370000 22.000000
1394373600 26.000000
1394377200 30.000000
1394380800 33.000000
1394384400 36.000000
1394388000 39.000000
1394391600 40.000000
1394395200 40.000000
1394398800 41.000000
1394402400 39.000000
1394406000 38.000000
1394409600 36.000000
1394413200 37.000000
1394416800 38.000000
1394420400 39.000000
1394424000 37.000000
1394427600 36.000000
1394431200 34.000000
1394434800 33.000000
1394438400 31.000000
1394442000 30.000000
1394445600 29.000000
1394449200 29.000000
1394452800 28.000000
1394456400 34.000000
1394460000 39.000000
1394463600 45.000000
1394467200 43.000000
1394470800 41.000000
1394474400 39.000000
1394478000 42.000000
1394481600 45.000000
1394485200 48.000000
1394488800 45.000000
1394492400 42.000000
1394496000 39.000000
1394499600 40.000000
1394503200 42.000000
1394506800 43.000000
1394510400 40.000000
1394514000 37.000000
1394517600 34.000000
1394521200 32.000000
1394524800 30.000000
1394528400 28.000000
1394532000 32.000000
1394535600 35.000000
1394539200 39.000000
1394542800 38.000000
1394546400 37.000000
1394550000 36.000000
1394553600 35.000000
1394557200 33.000000
1394560800 32.000000
1394564400 31.000000
1394568000 31.000000
1394571600 30.000000
1394575200 31.000000
1394578800 33.000000
1394582400 34.000000
1394586000 35.000000
1394589600 35.000000
1394593200 36.000000
1394596800 32.000000
1394600400 29.000000
1394604000 25.000000
1394607600 20.000000
1394611200 15.000000
1394614800 10.000000
1394618400 11.000000
1394622000 11.000000
1394625600 12.000000
1394629200 13.000000
1394632800 15.000000
1394636400 16.000000
1394640000 18.000000
1394643600 19.000000
1394647200 21.000000
1394650800 23.000000
1394654400 25.000000
1394658000 27.000000
1394661600 27.000000
1394665200 28.000000
1394668800 28.000000
1394672400 26.000000
1394676000 23.000000
1394679600 21.000000
1394683200 20.000000
1394686800 20.000000
1394690400 19.000000
1394694000 16.000000
1394697600 13.000000
1394701200 10.000000
1394704800 12.000000
1394708400 14.000000
1394712000 16.000000
1394715600 17.000000
1394719200 18.000000
1394722800 19.000000
1394726400 22.000000
1394730000 25.000000
1394733600 28.000000
1394737200 29.000000
1394740800 31.000000
1394744400 32.000000
1394748000 31.000000
1394751600 31.000000
1394755200 30.000000
1394758800 30.000000
1394762400 30.000000
1394766000 30.000000
1394769600 29.000000
1394773200 29.000000
1394776800 28.000000
1394780400 28.000000
1394784000 27.000000
1394787600 27.000000
1394791200 25.000000
1394794800 23.000000
1394798400 21.000000
1394802000 22.000000
1394805600 22.000000
1394809200 23.000000
1394812800 26.000000
1394816400 29.000000
1394820000 32.000000
1394823600 36.000000
1394827200 41.000000
1394830800 45.000000
1394834400 42.000000
1394838000 40.000000
1394841600 37.000000
1394845200 38.000000
1394848800 38.000000
1394852400 39.000000
1394856000 39.000000
1394859600 39.000000
1394863200 39.000000
1394866800 34.000000
1394870400 28.000000
1394874000 23.000000
1394877600 22.000000
1394881200 20.000000
1394884800 19.000000
1394888400 22.000000
1394892000 24.000000
1394895600 27.000000
1394899200 29.000000
1394902800 30.000000
1394906400 32.000000
1394910000 33.000000
1394913600 35.000000
1394917200 36.000000
1394920800 37.000000
1394924400 38.000000
1394928000 39.000000
1394931600 38.000000
1394935200 37.000000
1394938800 36.000000
1394942400 36.000000
1394946000 36.000000
1394949600 36.000000
1394953200 31.000000
1394956800 26.000000
1394960400 21.000000
1394964000 20.000000
1394967600 20.000000
1394971200 19.000000
1394974800 21.000000
1394978400 23.000000
1394982000 25.000000
1394985600 27.000000
1394989200 30.000000
1394992800 32.000000
1394996400 34.000000
1395000000 35.000000
1395003600 37.000000
1395007200 37.000000
1395010800 36.000000
1395014400 36.000000
1395018000 34.000000
1395021600 32.000000
1395025200 30.000000
1395028800 28.000000
1395032400 25.000000
