1393740000 -7.000000
1393743600 -8.000000
1393747200 -9.000000
1393750800 -10.000000
1393754400 -9.000000
1393758000 -8.000000
1393761600 -7.000000
1393765200 -7.000000
1393768800 -8.000000
1393772400 -8.000000
1393776000 -6.000000
1393779600 -5.000000
1393783200 -3.000000
1393786800 -1.000000
1393790400 0.000000
1393794000 1.000000
1393797600 0.000000
1393801200 0.000000
1393804800 -1.000000
1393808400 -2.000000
1393812000 -4.000000
1393815600 -5.000000
1393819200 -6.000000
1393822800 -7.000000
1393826400 -8.000000
1393830000 -8.000000
1393833600 -8.000000
1393837200 -8.000000
1393840800 -10.000000
1393844400 -12.000000
1393848000 -14.000000
1393851600 -11.000000
1393855200 -8.000000
1393858800 -5.000000
1393862400 -1.000000
1393866000 1.000000
1393869600 5.000000
1393873200 6.000000
1393876800 8.000000
1393880400 9.000000
1393884000 8.000000
1393887600 8.000000
1393891200 7.000000
1393894800 9.000000
1393898400 12.000000
1393902000 14.000000
1393905600 12.000000
1393909200 11.000000
1393912800 9.000000
1393916400 8.000000
1393920000 6.000000
1393923600 5.000000
1393927200 4.000000
1393930800 2.000000
1393934400 1.000000
1393938000 4.000000
1393941600 6.000000
1393945200 9.000000
1393948800 11.000000
1393952400 14.000000
1393956000 16.000000
1393959600 17.000000
1393963200 18.000000
1393966800 19.000000
1393970400 17.000000
1393974000 16.000000
1393977600 14.000000
1393981200 16.000000
1393984800 17.000000
1393988400 19.000000
1393992000 15.000000
1393995600 11.000000
1393999200 7.000000
1394002800 8.000000
1394006400 8.000000
1394010000 9.000000
1394013600 8.000000
1394017200 6.000000
1394020800 5.000000
1394024400 8.000000
1394028000 11.000000
1394031600 14.000000
1394035200 16.000000
1394038800 17.000000
1394042400 19.000000
1394046000 21.000000
1394049600 23.000000
1394053200 25.000000
1394056800 24.000000
1394060400 22.000000
1394064000 21.000000
1394067600 21.000000
1394071200 21.000000
1394074800 21.000000
1394078400 19.000000
1394082000 16.000000
1394085600 14.000000
1394089200 13.000000
1394092800 11.000000
1394096400 10.000000
1394100000 11.000000
1394103600 13.000000
1394107200 14.000000
1394110800 15.000000
1394114400 17.000000
1394118000 18.000000
1394121600 20.000000
1394125200 21.000000
1394128800 23.000000
1394132400 24.000000
1394136000 26.000000
1394139600 27.000000
1394143200 27.000000
1394146800 28.000000
1394150400 28.000000
1394154000 28.000000
1394157600 28.000000
1394161200 28.000000
1394164800 27.000000
1394168400 26.000000
1394172000 25.000000
1394175600 25.000000
1394179200 25.000000
1394182800 25.000000
1394186400 24.000000
1394190000 22.000000
1394193600 21.000000
1394197200 23.000000
1394200800 25.000000
1394204400 27.000000
1394208000 28.000000
1394211600 29.000000
1394215200 30.000000
1394218800 30.000000
1394222400 30.000000
1394226000 30.000000
1394229600 31.000000
1394233200 31.000000
1394236800 32.000000
1394240400 29.000000
1394244000 26.000000
1394247600 23.000000
1394251200 22.000000
1394254800 20.000000
1394258400 19.000000
1394262000 16.000000
1394265600 12.000000
1394269200 9.000000
1394272800 11.000000
1394276400 12.000000
1394280000 14.000000
1394283600 14.000000
1394287200 14.000000
1394290800 14.000000
1394294400 16.000000
1394298000 17.000000
1394301600 19.000000
1394305200 20.000000
1394308800 22.000000
1394312400 23.000000
1394316000 22.000000
1394319600 20.000000
1394323200 19.000000
1394326800 19.000000
1394330400 19.000000
1394334000 19.000000
1394337600 17.000000
1394341200 16.000000
1394344800 14.000000
1394348400 16.000000
1394352000 19.000000
1394355600 21.000000
1394359200 16.000000
1394362800 12.000000
1394366400 7.000000
1394370000 9.000000
1394373600 12.000000
1394377200 14.000000
1394380800 16.000000
1394384400 19.000000
1394388000 21.000000
1394391600 23.000000
1394395200 26.000000
1394398800 28.000000
1394402400 29.000000
1394406000 29.000000
1394409600 30.000000
1394413200 29.000000
1394416800 28.000000
1394420400 27.000000
1394424000 26.000000
1394427600 24.000000
1394431200 23.000000
1394434800 21.000000
1394438400 20.000000
1394442000 18.000000
1394445600 17.000000
1394449200 17.000000
1394452800 16.000000
1394456400 17.000000
1394460000 17.000000
1394463600 18.000000
1394467200 21.000000
1394470800 24.000000
1394474400 27.000000
1394478000 29.000000
1394481600 30.000000
1394485200 32.000000
1394488800 32.000000
1394492400 32.000000
1394496000 32.000000
1394499600 30.000000
1394503200 29.000000
1394506800 27.000000
1394510400 25.000000
1394514000 23.000000
1394517600 21.000000
1394521200 20.000000
1394524800 20.000000
1394528400 19.000000
1394532000 19.000000
1394535600 18.000000
1394539200 18.000000
1394542800 20.000000
1394546400 21.000000
1394550000 23.000000
1394553600 24.000000
1394557200 26.000000
1394560800 27.000000
1394564400 27.000000
1394568000 27.000000
1394571600 27.000000
1394575200 27.000000
1394578800 27.000000
1394582400 27.000000
1394586000 26.000000
1394589600 24.000000
1394593200 23.000000
1394596800 22.000000
1394600400 20.000000
