1387990800 22.000000
1387994400 25.000000
1387998000 24.000000
1388001600 24.000000
1388005200 23.000000
1388008800 22.000000
1388012400 20.000000
1388016000 19.000000
1388019600 18.000000
1388023200 17.000000
1388026800 16.000000
1388030400 14.000000
1388034000 12.000000
1388037600 10.000000
1388041200 11.000000
1388044800 11.000000
1388048400 12.000000
1388052000 10.000000
1388055600 7.000000
1388059200 5.000000
1388062800 4.000000
1388066400 2.000000
1388070000 1.000000
1388073600 4.000000
1388077200 7.000000
1388080800 10.000000
1388084400 13.000000
1388088000 15.000000
1388091600 18.000000
1388095200 18.000000
1388098800 18.000000
1388102400 18.000000
1388106000 16.000000
1388109600 14.000000
1388113200 12.000000
1388116800 12.000000
1388120400 12.000000
1388124000 12.000000
1388127600 14.000000
1388131200 16.000000
1388134800 18.000000
1388138400 15.000000
1388142000 12.000000
1388145600 9.000000
1388149200 11.000000
1388152800 14.000000
1388156400 16.000000
1388160000 19.000000
1388163600 22.000000
1388167200 25.000000
1388170800 27.000000
1388174400 28.000000
1388178000 30.000000
1388181600 32.000000
1388185200 34.000000
1388188800 36.000000
1388192400 33.000000
1388196000 31.000000
1388199600 28.000000
1388203200 25.000000
1388206800 22.000000
1388210400 19.000000
1388214000 21.000000
1388217600 23.000000
1388221200 25.000000
1388224800 24.000000
1388228400 24.000000
1388232000 23.000000
1388235600 24.000000
1388239200 26.000000
1388242800 27.000000
1388246400 29.000000
1388250000 30.000000
1388253600 32.000000
1388257200 33.000000
1388260800 33.000000
1388264400 34.000000
1388268000 32.000000
1388271600 30.000000
1388275200 28.000000
1388278800 26.000000
1388282400 25.000000
1388286000 23.000000
1388289600 19.000000
1388293200 16.000000
1388296800 12.000000
1388300400 12.000000
1388304000 12.000000
1388307600 12.000000
1388311200 10.000000
1388314800 7.000000
1388318400 5.000000
1388322000 4.000000
1388325600 2.000000
1388329200 1.000000
1388332800 1.000000
1388336400 0.000000
1388340000 0.000000
1388343600 0.000000
1388347200 0.000000
1388350800 -1.000000
1388354400 -2.000000
1388358000 -2.000000
1388361600 -3.000000
1388365200 -4.000000
1388368800 -6.000000
1388372400 -7.000000
1388376000 -8.000000
1388379600 -9.000000
1388383200 -10.000000
1388386800 -10.000000
1388390400 -10.000000
1388394000 -10.000000
1388397600 -12.000000
1388401200 -14.000000
1388404800 -16.000000
1388408400 -13.000000
1388412000 -11.000000
1388415600 -8.000000
1388419200 -6.000000
1388422800 -5.000000
1388426400 -3.000000
1388430000 -2.000000
1388433600 0.000000
1388437200 0.000000
1388440800 0.000000
1388444400 1.000000
1388448000 1.000000
1388451600 1.000000
1388455200 0.000000
1388458800 0.000000
1388462400 0.000000
1388466000 1.000000
1388469600 1.000000
1388473200 1.000000
1388476800 1.000000
1388480400 1.000000
1388484000 -1.000000
1388487600 -5.000000
1388491200 -8.000000
1388494800 -6.000000
1388498400 -5.000000
1388502000 -3.000000
1388505600 -1.000000
1388509200 0.000000
1388512800 1.000000
1388516400 1.000000
1388520000 1.000000
1388523600 1.000000
1388527200 1.000000
1388530800 1.000000
1388534400 1.000000
1388538000 1.000000
1388541600 0.000000
1388545200 0.000000
1388548800 0.000000
1388552400 0.000000
1388556000 -1.000000
1388559600 -2.000000
1388563200 -4.000000
1388566800 -5.000000
1388570400 -5.000000
1388574000 -5.000000
1388577600 -5.000000
1388581200 -3.000000
1388584800 -1.000000
1388588400 0.000000
1388592000 2.000000
1388595600 3.000000
1388599200 5.000000
1388602800 4.000000
1388606400 4.000000
1388610000 3.000000
1388613600 3.000000
1388617200 3.000000
1388620800 3.000000
1388624400 2.000000
1388628000 2.000000
1388631600 1.000000
1388635200 1.000000
1388638800 0.000000
1388642400 0.000000
1388646000 0.000000
1388649600 0.000000
1388653200 -1.000000
1388656800 -1.000000
1388660400 -1.000000
1388664000 -1.000000
1388667600 0.000000
1388671200 0.000000
1388674800 1.000000
1388678400 2.000000
1388682000 4.000000
1388685600 5.000000
1388689200 5.000000
1388692800 5.000000
1388696400 5.000000
1388700000 5.000000
1388703600 5.000000
1388707200 5.000000
1388710800 5.000000
1388714400 5.000000
1388718000 5.000000
1388721600 5.000000
1388725200 5.000000
1388728800 5.000000
1388732400 5.000000
1388736000 5.000000
1388739600 5.000000
1388743200 5.000000
1388746800 5.000000
1388750400 5.000000
1388754000 6.000000
1388757600 8.000000
1388761200 9.000000
1388764800 10.000000
1388768400 11.000000
1388772000 12.000000
1388775600 11.000000
1388779200 11.000000
1388782800 10.000000
1388786400 10.000000
1388790000 10.000000
1388793600 10.000000
1388797200 13.000000
1388800800 16.000000
1388804400 19.000000
1388808000 19.000000
1388811600 18.000000
1388815200 18.000000
1388818800 18.000000
1388822400 18.000000
1388826000 18.000000
1388829600 18.000000
1388833200 18.000000
1388836800 18.000000
1388840400 15.000000
1388844000 13.000000
1388847600 10.000000
1388851200 13.000000
