1394042400 21.000000
1394046000 22.000000
1394049600 22.000000
1394053200 23.000000
1394056800 22.000000
1394060400 22.000000
1394064000 21.000000
1394067600 19.000000
1394071200 18.000000
1394074800 16.000000
1394078400 16.000000
1394082000 16.000000
1394085600 16.000000
1394089200 14.000000
1394092800 11.000000
1394096400 9.000000
1394100000 9.000000
1394103600 9.000000
1394107200 9.000000
1394110800 11.000000
1394114400 14.000000
1394118000 16.000000
1394121600 18.000000
1394125200 19.000000
1394128800 21.000000
1394132400 22.000000
1394136000 24.000000
1394139600 25.000000
1394143200 26.000000
1394146800 27.000000
1394150400 28.000000
1394154000 28.000000
1394157600 27.000000
1394161200 27.000000
1394164800 27.000000
1394168400 27.000000
1394172000 27.000000
1394175600 27.000000
1394179200 28.000000
1394182800 28.000000
1394186400 29.000000
1394190000 29.000000
1394193600 30.000000
1394197200 31.000000
1394200800 33.000000
1394204400 34.000000
1394208000 33.000000
1394211600 31.000000
1394215200 30.000000
1394218800 32.000000
1394222400 35.000000
1394226000 37.000000
1394229600 34.000000
1394233200 30.000000
1394236800 27.000000
1394240400 24.000000
1394244000 22.000000
1394247600 19.000000
1394251200 19.000000
1394254800 18.000000
1394258400 18.000000
1394262000 15.000000
1394265600 13.000000
1394269200 10.000000
1394272800 9.000000
1394276400 8.000000
1394280000 7.000000
1394283600 12.000000
1394287200 18.000000
1394290800 23.000000
1394294400 25.000000
1394298000 26.000000
1394301600 28.000000
1394305200 29.000000
1394308800 29.000000
1394312400 30.000000
1394316000 27.000000
1394319600 24.000000
1394323200 21.000000
1394326800 20.000000
1394330400 20.000000
1394334000 19.000000
1394337600 17.000000
1394341200 16.000000
1394344800 14.000000
1394348400 12.000000
1394352000 11.000000
1394355600 9.000000
1394359200 9.000000
1394362800 10.000000
1394366400 10.000000
1394370000 15.000000
1394373600 20.000000
1394377200 25.000000
1394380800 29.000000
1394384400 32.000000
1394388000 36.000000
1394391600 38.000000
1394395200 39.000000
1394398800 41.000000
1394402400 39.000000
1394406000 36.000000
1394409600 34.000000
1394413200 32.000000
1394416800 30.000000
1394420400 28.000000
1394424000 28.000000
1394427600 27.000000
1394431200 27.000000
1394434800 27.000000
1394438400 28.000000
1394442000 28.000000
1394445600 28.000000
1394449200 28.000000
1394452800 28.000000
1394456400 29.000000
1394460000 31.000000
1394463600 32.000000
1394467200 34.000000
1394470800 35.000000
1394474400 37.000000
1394478000 38.000000
1394481600 38.000000
1394485200 39.000000
1394488800 38.000000
1394492400 38.000000
1394496000 37.000000
1394499600 36.000000
1394503200 35.000000
1394506800 34.000000
1394510400 32.000000
1394514000 30.000000
1394517600 28.000000
1394521200 27.000000
1394524800 26.000000
1394528400 25.000000
1394532000 24.000000
1394535600 22.000000
1394539200 21.000000
1394542800 25.000000
1394546400 28.000000
1394550000 32.000000
1394553600 31.000000
1394557200 29.000000
1394560800 28.000000
1394564400 28.000000
1394568000 28.000000
1394571600 28.000000
1394575200 29.000000
1394578800 31.000000
1394582400 32.000000
1394586000 31.000000
1394589600 29.000000
1394593200 28.000000
1394596800 27.000000
1394600400 26.000000
1394604000 25.000000
1394607600 22.000000
1394611200 19.000000
1394614800 16.000000
1394618400 15.000000
1394622000 15.000000
1394625600 14.000000
1394629200 15.000000
1394632800 17.000000
1394636400 18.000000
1394640000 18.000000
1394643600 19.000000
1394647200 19.000000
1394650800 21.000000
1394654400 23.000000
1394658000 25.000000
1394661600 25.000000
1394665200 25.000000
1394668800 25.000000
1394672400 23.000000
1394676000 21.000000
1394679600 19.000000
1394683200 18.000000
1394686800 17.000000
1394690400 16.000000
1394694000 14.000000
1394697600 12.000000
1394701200 10.000000
1394704800 10.000000
1394708400 9.000000
1394712000 9.000000
1394715600 10.000000
1394719200 11.000000
1394722800 12.000000
1394726400 14.000000
1394730000 17.000000
1394733600 19.000000
1394737200 20.000000
1394740800 22.000000
1394744400 23.000000
1394748000 24.000000
1394751600 24.000000
1394755200 25.000000
1394758800 23.000000
1394762400 21.000000
1394766000 19.000000
1394769600 18.000000
1394773200 17.000000
1394776800 16.000000
1394780400 15.000000
1394784000 15.000000
1394787600 14.000000
1394791200 13.000000
1394794800 13.000000
1394798400 12.000000
1394802000 14.000000
1394805600 16.000000
1394809200 18.000000
1394812800 20.000000
1394816400 23.000000
1394820000 25.000000
1394823600 24.000000
1394827200 24.000000
1394830800 23.000000
1394834400 22.000000
1394838000 22.000000
1394841600 21.000000
1394845200 20.000000
1394848800 20.000000
1394852400 19.000000
1394856000 18.000000
1394859600 17.000000
1394863200 16.000000
1394866800 15.000000
1394870400 15.000000
1394874000 14.000000
1394877600 13.000000
1394881200 13.000000
1394884800 12.000000
1394888400 14.000000
1394892000 16.000000
1394895600 18.000000
1394899200 20.000000
1394902800 23.000000
