1391324400 -2.000000
1391328000 -4.000000
1391331600 -5.000000
1391335200 -4.000000
1391338800 -2.000000
1391342400 -1.000000
1391346000 -1.000000
1391349600 -1.000000
1391353200 -1.000000
1391356800 0.000000
1391360400 3.000000
1391364000 5.000000
1391367600 7.000000
1391371200 8.000000
1391374800 10.000000
1391378400 10.000000
1391382000 9.000000
1391385600 9.000000
1391389200 8.000000
1391392800 6.000000
1391396400 5.000000
1391400000 5.000000
1391403600 5.000000
1391407200 5.000000
1391410800 3.000000
1391414400 2.000000
1391418000 0.000000
1391421600 1.000000
1391425200 2.000000
1391428800 3.000000
1391432400 4.000000
1391436000 6.000000
1391439600 7.000000
1391443200 9.000000
1391446800 12.000000
1391450400 14.000000
1391454000 15.000000
1391457600 17.000000
1391461200 18.000000
1391464800 17.000000
1391468400 17.000000
1391472000 16.000000
1391475600 16.000000
1391479200 16.000000
1391482800 16.000000
1391486400 15.000000
1391490000 13.000000
1391493600 12.000000
1391497200 10.000000
1391500800 9.000000
1391504400 7.000000
1391508000 5.000000
1391511600 2.000000
1391515200 0.000000
1391518800 2.000000
1391522400 5.000000
1391526000 7.000000
1391529600 10.000000
1391533200 13.000000
1391536800 16.000000
1391540400 17.000000
1391544000 17.000000
1391547600 18.000000
1391551200 15.000000
1391554800 12.000000
1391558400 9.000000
1391562000 10.000000
1391565600 11.000000
1391569200 12.000000
1391572800 8.000000
1391576400 5.000000
1391580000 1.000000
1391583600 -1.000000
1391587200 -4.000000
1391590800 -7.000000
1391594400 -6.000000
1391598000 -6.000000
1391601600 -5.000000
1391605200 -5.000000
1391608800 -5.000000
1391612400 -5.000000
1391616000 -2.000000
1391619600 0.000000
1391623200 3.000000
1391626800 3.000000
1391630400 3.000000
1391634000 3.000000
1391637600 2.000000
1391641200 1.000000
1391644800 0.000000
1391648400 0.000000
1391652000 0.000000
1391655600 -1.000000
1391659200 -3.000000
1391662800 -5.000000
1391666400 -7.000000
1391670000 -10.000000
1391673600 -13.000000
1391677200 -16.000000
1391680800 -13.000000
1391684400 -11.000000
1391688000 -8.000000
1391691600 -8.000000
1391695200 -7.000000
1391698800 -7.000000
1391702400 -4.000000
1391706000 -1.000000
1391709600 1.000000
1391713200 3.000000
1391716800 5.000000
1391720400 7.000000
1391724000 6.000000
1391727600 4.000000
1391731200 3.000000
1391734800 0.000000
1391738400 -2.000000
1391742000 -5.000000
1391745600 -6.000000
1391749200 -6.000000
1391752800 -7.000000
1391756400 -8.000000
1391760000 -9.000000
1391763600 -10.000000
1391767200 -8.000000
1391770800 -7.000000
1391774400 -5.000000
1391778000 -4.000000
1391781600 -2.000000
1391785200 -1.000000
1391788800 0.000000
1391792400 1.000000
1391796000 3.000000
1391799600 5.000000
1391803200 7.000000
1391806800 9.000000
1391810400 8.000000
1391814000 8.000000
1391817600 7.000000
1391821200 6.000000
1391824800 4.000000
1391828400 3.000000
1391832000 2.000000
1391835600 2.000000
1391839200 1.000000
1391842800 3.000000
1391846400 5.000000
1391850000 7.000000
1391853600 6.000000
1391857200 4.000000
1391860800 3.000000
1391864400 4.000000
1391868000 6.000000
1391871600 7.000000
1391875200 8.000000
1391878800 9.000000
1391882400 10.000000
1391886000 12.000000
1391889600 14.000000
1391893200 16.000000
1391896800 12.000000
1391900400 9.000000
1391904000 5.000000
1391907600 7.000000
1391911200 8.000000
1391914800 10.000000
1391918400 10.000000
1391922000 9.000000
1391925600 9.000000
1391929200 9.000000
1391932800 9.000000
1391936400 9.000000
1391940000 5.000000
1391943600 0.000000
1391947200 -3.000000
1391950800 -1.000000
1391954400 0.000000
1391958000 1.000000
1391961600 3.000000
1391965200 5.000000
1391968800 7.000000
1391972400 6.000000
1391976000 4.000000
1391979600 3.000000
1391983200 2.000000
1391986800 2.000000
1391990400 1.000000
1391994000 1.000000
1391997600 0.000000
1392001200 0.000000
1392004800 0.000000
1392008400 0.000000
1392012000 -1.000000
1392015600 0.000000
1392019200 0.000000
1392022800 0.000000
1392026400 0.000000
1392030000 0.000000
1392033600 0.000000
1392037200 2.000000
1392040800 3.000000
1392044400 5.000000
1392048000 6.000000
1392051600 6.000000
1392055200 7.000000
1392058800 7.000000
1392062400 7.000000
1392066000 7.000000
1392069600 6.000000
1392073200 4.000000
1392076800 3.000000
1392080400 2.000000
1392084000 2.000000
1392087600 1.000000
1392091200 2.000000
1392094800 4.000000
1392098400 5.000000
1392102000 4.000000
1392105600 4.000000
1392109200 3.000000
1392112800 3.000000
1392116400 3.000000
1392120000 3.000000
1392123600 1.000000
1392127200 0.000000
1392130800 -1.000000
1392134400 0.000000
1392138000 3.000000
1392141600 5.000000
1392145200 6.000000
1392148800 6.000000
1392152400 7.000000
1392156000 6.000000
1392159600 4.000000
1392163200 3.000000
1392166800 4.000000
1392170400 6.000000
1392174000 7.000000
1392177600 6.000000
1392181200 4.000000
1392184800 3.000000
