1392476400 9.000000
1392480000 10.000000
1392483600 11.000000
1392487200 12.000000
1392490800 14.000000
1392494400 17.000000
1392498000 19.000000
1392501600 20.000000
1392505200 20.000000
1392508800 21.000000
1392512400 20.000000
1392516000 19.000000
1392519600 18.000000
1392523200 15.000000
1392526800 13.000000
1392530400 10.000000
1392534000 10.000000
1392537600 10.000000
1392541200 10.000000
1392544800 10.000000
1392548400 9.000000
1392552000 9.000000
1392555600 9.000000
1392559200 9.000000
1392562800 9.000000
1392566400 11.000000
1392570000 14.000000
1392573600 16.000000
1392577200 18.000000
1392580800 19.000000
1392584400 21.000000
1392588000 21.000000
1392591600 21.000000
1392595200 21.000000
1392598800 22.000000
1392602400 22.000000
1392606000 23.000000
1392609600 24.000000
1392613200 24.000000
1392616800 25.000000
1392620400 24.000000
1392624000 22.000000
1392627600 21.000000
1392631200 20.000000
1392634800 20.000000
1392638400 19.000000
1392642000 22.000000
1392645600 24.000000
1392649200 27.000000
1392652800 28.000000
1392656400 29.000000
1392660000 30.000000
1392663600 29.000000
1392667200 28.000000
1392670800 27.000000
1392674400 27.000000
1392678000 28.000000
1392681600 28.000000
1392685200 26.000000
1392688800 23.000000
1392692400 21.000000
1392696000 25.000000
1392699600 30.000000
1392703200 34.000000
1392706800 34.000000
1392710400 34.000000
1392714000 34.000000
1392717600 30.000000
1392721200 25.000000
1392724800 21.000000
1392728400 26.000000
1392732000 31.000000
1392735600 36.000000
1392739200 36.000000
1392742800 36.000000
1392746400 36.000000
1392750000 37.000000
1392753600 38.000000
1392757200 39.000000
1392760800 37.000000
1392764400 36.000000
1392768000 34.000000
1392771600 34.000000
1392775200 34.000000
1392778800 34.000000
1392782400 32.000000
1392786000 29.000000
1392789600 27.000000
1392793200 27.000000
1392796800 27.000000
1392800400 27.000000
1392804000 25.000000
1392807600 23.000000
1392811200 21.000000
1392814800 23.000000
1392818400 26.000000
1392822000 28.000000
1392825600 31.000000
1392829200 33.000000
1392832800 36.000000
1392836400 36.000000
1392840000 37.000000
1392843600 37.000000
1392847200 38.000000
1392850800 38.000000
1392854400 39.000000
1392858000 43.000000
1392861600 46.000000
1392865200 50.000000
1392868800 44.000000
1392872400 38.000000
1392876000 32.000000
1392879600 34.000000
1392883200 37.000000
1392886800 39.000000
1392890400 39.000000
1392894000 39.000000
1392897600 39.000000
1392901200 38.000000
1392904800 38.000000
1392908400 37.000000
1392912000 36.000000
1392915600 35.000000
1392919200 34.000000
1392922800 34.000000
1392926400 34.000000
1392930000 34.000000
1392933600 33.000000
1392937200 33.000000
1392940800 32.000000
1392944400 30.000000
1392948000 29.000000
1392951600 27.000000
1392955200 26.000000
1392958800 26.000000
1392962400 25.000000
1392966000 25.000000
1392969600 25.000000
1392973200 25.000000
1392976800 23.000000
1392980400 21.000000
1392984000 19.000000
1392987600 20.000000
1392991200 22.000000
1392994800 23.000000
1392998400 24.000000
1393002000 26.000000
1393005600 27.000000
1393009200 26.000000
1393012800 26.000000
1393016400 25.000000
1393020000 24.000000
1393023600 24.000000
1393027200 23.000000
1393030800 22.000000
1393034400 20.000000
1393038000 19.000000
1393041600 18.000000
1393045200 17.000000
1393048800 16.000000
1393052400 16.000000
1393056000 16.000000
1393059600 16.000000
1393063200 15.000000
1393066800 15.000000
1393070400 14.000000
1393074000 15.000000
1393077600 15.000000
1393081200 16.000000
1393084800 17.000000
1393088400 18.000000
1393092000 19.000000
1393095600 18.000000
1393099200 17.000000
1393102800 16.000000
1393106400 15.000000
1393110000 15.000000
1393113600 14.000000
1393117200 13.000000
1393120800 11.000000
1393124400 10.000000
1393128000 9.000000
1393131600 8.000000
1393135200 7.000000
1393138800 6.000000
1393142400 6.000000
1393146000 5.000000
1393149600 4.000000
1393153200 4.000000
1393156800 3.000000
1393160400 4.000000
1393164000 6.000000
1393167600 7.000000
1393171200 8.000000
1393174800 9.000000
1393178400 10.000000
1393182000 10.000000
1393185600 9.000000
1393189200 9.000000
1393192800 8.000000
1393196400 6.000000
1393200000 5.000000
1393203600 4.000000
1393207200 4.000000
1393210800 3.000000
1393214400 2.000000
1393218000 2.000000
1393221600 1.000000
1393225200 1.000000
1393228800 1.000000
1393232400 1.000000
1393236000 1.000000
1393239600 1.000000
1393243200 1.000000
1393246800 3.000000
1393250400 5.000000
1393254000 7.000000
1393257600 9.000000
1393261200 10.000000
1393264800 12.000000
1393268400 11.000000
1393272000 11.000000
1393275600 10.000000
1393279200 10.000000
1393282800 9.000000
1393286400 9.000000
1393290000 8.000000
1393293600 8.000000
1393297200 7.000000
1393300800 6.000000
1393304400 6.000000
1393308000 5.000000
1393311600 6.000000
1393315200 6.000000
1393318800 7.000000
1393322400 7.000000
1393326000 7.000000
1393329600 7.000000
1393333200 8.000000
1393336800 9.000000
