1393340400 -1.000000
1393344000 0.000000
1393347600 1.000000
1393351200 3.000000
1393354800 4.000000
1393358400 6.000000
1393362000 7.000000
1393365600 6.000000
1393369200 4.000000
1393372800 3.000000
1393376400 2.000000
1393380000 1.000000
1393383600 0.000000
1393387200 0.000000
1393390800 -2.000000
1393394400 -3.000000
1393398000 -4.000000
1393401600 -6.000000
1393405200 -7.000000
1393408800 -9.000000
1393412400 -10.000000
1393416000 -12.000000
1393419600 -9.000000
1393423200 -6.000000
1393426800 -3.000000
1393430400 0.000000
1393434000 5.000000
1393437600 9.000000
1393441200 11.000000
1393444800 14.000000
1393448400 16.000000
1393452000 16.000000
1393455600 16.000000
1393459200 16.000000
1393462800 13.000000
1393466400 10.000000
1393470000 7.000000
1393473600 5.000000
1393477200 3.000000
1393480800 1.000000
1393484400 -1.000000
1393488000 -4.000000
1393491600 -7.000000
1393495200 -7.000000
1393498800 -8.000000
1393502400 -8.000000
1393506000 -7.000000
1393509600 -6.000000
1393513200 -5.000000
1393516800 -5.000000
1393520400 -5.000000
1393524000 -5.000000
1393527600 -3.000000
1393531200 -1.000000
1393534800 0.000000
1393538400 0.000000
1393542000 0.000000
1393545600 -1.000000
1393549200 -3.000000
1393552800 -6.000000
1393556400 -8.000000
1393560000 -9.000000
1393563600 -11.000000
1393567200 -12.000000
1393570800 -13.000000
1393574400 -15.000000
1393578000 -16.000000
1393581600 -15.000000
1393585200 -13.000000
1393588800 -12.000000
1393592400 -10.000000
1393596000 -7.000000
1393599600 -5.000000
1393603200 -2.000000
1393606800 0.000000
1393610400 3.000000
1393614000 4.000000
1393617600 6.000000
1393621200 7.000000
1393624800 6.000000
1393628400 4.000000
1393632000 3.000000
1393635600 2.000000
1393639200 1.000000
1393642800 0.000000
1393646400 0.000000
1393650000 -2.000000
1393653600 -3.000000
1393657200 -5.000000
1393660800 -6.000000
1393664400 -8.000000
1393668000 -8.000000
1393671600 -8.000000
1393675200 -8.000000
1393678800 -8.000000
1393682400 -7.000000
1393686000 -7.000000
1393689600 -7.000000
1393693200 -7.000000
1393696800 -7.000000
1393700400 -6.000000
1393704000 -6.000000
1393707600 -5.000000
1393711200 -2.000000
1393714800 0.000000
1393718400 3.000000
1393722000 1.000000
1393725600 -1.000000
1393729200 -3.000000
1393732800 -3.000000
1393736400 -3.000000
1393740000 -3.000000
1393743600 -4.000000
1393747200 -4.000000
1393750800 -5.000000
1393754400 -5.000000
1393758000 -5.000000
1393761600 -5.000000
1393765200 -4.000000
1393768800 -2.000000
1393772400 -1.000000
1393776000 0.000000
1393779600 0.000000
1393783200 0.000000
1393786800 3.000000
1393790400 7.000000
1393794000 10.000000
1393797600 10.000000
1393801200 9.000000
1393804800 9.000000
1393808400 8.000000
1393812000 8.000000
1393815600 7.000000
1393819200 5.000000
1393822800 3.000000
1393826400 1.000000
1393830000 1.000000
1393833600 1.000000
1393837200 1.000000
1393840800 1.000000
1393844400 1.000000
1393848000 1.000000
1393851600 0.000000
1393855200 -1.000000
1393858800 -3.000000
1393862400 2.000000
1393866000 8.000000
1393869600 14.000000
1393873200 15.000000
1393876800 17.000000
1393880400 18.000000
1393884000 17.000000
1393887600 17.000000
1393891200 16.000000
1393894800 15.000000
1393898400 13.000000
1393902000 12.000000
1393905600 11.000000
1393909200 11.000000
1393912800 10.000000
1393916400 4.000000
1393920000 -2.000000
1393923600 -8.000000
1393927200 -9.000000
1393930800 -9.000000
1393934400 -10.000000
1393938000 -8.000000
1393941600 -5.000000
1393945200 -3.000000
1393948800 0.000000
1393952400 2.000000
1393956000 5.000000
1393959600 9.000000
1393963200 12.000000
1393966800 16.000000
1393970400 15.000000
1393974000 15.000000
1393977600 14.000000
1393981200 8.000000
1393984800 2.000000
1393988400 -3.000000
1393992000 -4.000000
1393995600 -6.000000
1393999200 -7.000000
1394002800 -7.000000
1394006400 -8.000000
1394010000 -8.000000
1394013600 -9.000000
1394017200 -9.000000
1394020800 -10.000000
1394024400 -8.000000
1394028000 -5.000000
1394031600 -3.000000
1394035200 0.000000
1394038800 2.000000
1394042400 5.000000
1394046000 5.000000
1394049600 5.000000
1394053200 5.000000
1394056800 5.000000
1394060400 5.000000
1394064000 5.000000
1394067600 4.000000
1394071200 2.000000
1394074800 1.000000
1394078400 1.000000
1394082000 0.000000
1394085600 0.000000
1394089200 0.000000
1394092800 0.000000
1394096400 0.000000
1394100000 0.000000
1394103600 0.000000
1394107200 -1.000000
1394110800 1.000000
1394114400 4.000000
1394118000 7.000000
1394121600 9.000000
1394125200 12.000000
1394128800 14.000000
1394132400 13.000000
1394136000 13.000000
1394139600 12.000000
1394143200 12.000000
1394146800 12.000000
1394150400 12.000000
1394154000 11.000000
1394157600 11.000000
1394161200 10.000000
1394164800 10.000000
1394168400 9.000000
1394172000 9.000000
1394175600 9.000000
1394179200 9.000000
1394182800 9.000000
1394186400 9.000000
1394190000 10.000000
1394193600 10.000000
1394197200 11.000000
1394200800 13.000000
