1390104000 17.000000
1390107600 17.000000
1390111200 18.000000
1390114800 18.000000
1390118400 19.000000
1390122000 19.000000
1390125600 20.000000
1390129200 22.000000
1390132800 23.000000
1390136400 23.000000
1390140000 23.000000
1390143600 23.000000
1390147200 27.000000
1390150800 32.000000
1390154400 36.000000
1390158000 33.000000
1390161600 31.000000
1390165200 28.000000
1390168800 28.000000
1390172400 27.000000
1390176000 27.000000
1390179600 26.000000
1390183200 26.000000
1390186800 25.000000
1390190400 23.000000
1390194000 21.000000
1390197600 19.000000
1390201200 17.000000
1390204800 14.000000
1390208400 12.000000
1390212000 13.000000
1390215600 13.000000
1390219200 14.000000
1390222800 15.000000
1390226400 15.000000
1390230000 16.000000
1390233600 15.000000
1390237200 13.000000
1390240800 12.000000
1390244400 12.000000
1390248000 12.000000
1390251600 12.000000
1390255200 11.000000
1390258800 11.000000
1390262400 10.000000
1390266000 7.000000
1390269600 3.000000
1390273200 0.000000
1390276800 -1.000000
1390280400 -3.000000
1390284000 -5.000000
1390287600 -6.000000
1390291200 -6.000000
1390294800 -7.000000
1390298400 -7.000000
1390302000 -7.000000
1390305600 -7.000000
1390309200 -7.000000
1390312800 -7.000000
1390316400 -7.000000
1390320000 -5.000000
1390323600 -3.000000
1390327200 -1.000000
1390330800 0.000000
1390334400 0.000000
1390338000 1.000000
1390341600 1.000000
1390345200 0.000000
1390348800 0.000000
1390352400 0.000000
1390356000 0.000000
1390359600 -1.000000
1390363200 0.000000
1390366800 0.000000
1390370400 0.000000
1390374000 -1.000000
1390377600 -3.000000
1390381200 -5.000000
1390384800 -2.000000
1390388400 0.000000
1390392000 3.000000
1390395600 2.000000
1390399200 2.000000
1390402800 1.000000
1390406400 2.000000
1390410000 2.000000
1390413600 3.000000
1390417200 3.000000
1390420800 3.000000
1390424400 3.000000
1390428000 2.000000
1390431600 2.000000
1390435200 1.000000
1390438800 0.000000
1390442400 -3.000000
1390446000 -5.000000
1390449600 -6.000000
1390453200 -6.000000
1390456800 -7.000000
1390460400 -9.000000
1390464000 -10.000000
1390467600 -12.000000
1390471200 -13.000000
1390474800 -13.000000
1390478400 -14.000000
1390482000 -14.000000
1390485600 -14.000000
1390489200 -14.000000
1390492800 -12.000000
1390496400 -10.000000
1390500000 -8.000000
1390503600 -8.000000
1390507200 -7.000000
1390510800 -7.000000
1390514400 -4.000000
1390518000 -2.000000
1390521600 0.000000
1390525200 0.000000
1390528800 0.000000
1390532400 0.000000
1390536000 0.000000
1390539600 1.000000
1390543200 1.000000
1390546800 2.000000
1390550400 2.000000
1390554000 3.000000
1390557600 6.000000
1390561200 9.000000
1390564800 12.000000
1390568400 12.000000
1390572000 12.000000
1390575600 12.000000
1390579200 15.000000
1390582800 18.000000
1390586400 21.000000
1390590000 17.000000
1390593600 14.000000
1390597200 10.000000
1390600800 10.000000
1390604400 9.000000
1390608000 9.000000
1390611600 8.000000
1390615200 8.000000
1390618800 7.000000
1390622400 8.000000
1390626000 9.000000
1390629600 10.000000
1390633200 11.000000
1390636800 11.000000
1390640400 12.000000
1390644000 12.000000
1390647600 12.000000
1390651200 12.000000
1390654800 13.000000
1390658400 13.000000
1390662000 14.000000
1390665600 15.000000
1390669200 15.000000
1390672800 16.000000
1390676400 17.000000
1390680000 17.000000
1390683600 18.000000
1390687200 11.000000
1390690800 3.000000
1390694400 -3.000000
1390698000 1.000000
1390701600 7.000000
1390705200 12.000000
1390708800 11.000000
1390712400 11.000000
1390716000 10.000000
1390719600 13.000000
1390723200 16.000000
1390726800 19.000000
1390730400 14.000000
1390734000 10.000000
1390737600 5.000000
1390741200 5.000000
1390744800 5.000000
1390748400 5.000000
1390752000 9.000000
1390755600 12.000000
1390759200 16.000000
1390762800 17.000000
1390766400 17.000000
1390770000 18.000000
1390773600 17.000000
1390777200 15.000000
1390780800 14.000000
1390784400 15.000000
1390788000 15.000000
1390791600 16.000000
1390795200 17.000000
1390798800 18.000000
1390802400 19.000000
1390806000 14.000000
1390809600 10.000000
1390813200 5.000000
1390816800 5.000000
1390820400 5.000000
1390824000 5.000000
1390827600 6.000000
1390831200 8.000000
1390834800 9.000000
1390838400 10.000000
1390842000 11.000000
1390845600 12.000000
1390849200 12.000000
1390852800 12.000000
1390856400 12.000000
1390860000 11.000000
1390863600 11.000000
1390867200 10.000000
1390870800 10.000000
1390874400 9.000000
1390878000 9.000000
1390881600 9.000000
1390885200 9.000000
1390888800 9.000000
1390892400 8.000000
1390896000 8.000000
1390899600 7.000000
1390903200 7.000000
1390906800 7.000000
1390910400 7.000000
1390914000 8.000000
1390917600 8.000000
1390921200 9.000000
1390924800 10.000000
1390928400 11.000000
1390932000 12.000000
1390935600 11.000000
1390939200 11.000000
1390942800 10.000000
1390946400 10.000000
1390950000 9.000000
1390953600 9.000000
1390957200 8.000000
1390960800 8.000000
1390964400 7.000000
