1388120400 15.000000
1388124000 12.000000
1388127600 13.000000
1388131200 15.000000
1388134800 16.000000
1388138400 16.000000
1388142000 16.000000
1388145600 16.000000
1388149200 17.000000
1388152800 17.000000
1388156400 18.000000
1388160000 23.000000
1388163600 29.000000
1388167200 34.000000
1388170800 35.000000
1388174400 35.000000
1388178000 36.000000
1388181600 36.000000
1388185200 36.000000
1388188800 36.000000
1388192400 34.000000
1388196000 32.000000
1388199600 30.000000
1388203200 30.000000
1388206800 30.000000
1388210400 30.000000
1388214000 29.000000
1388217600 28.000000
1388221200 27.000000
1388224800 24.000000
1388228400 21.000000
1388232000 18.000000
1388235600 21.000000
1388239200 24.000000
1388242800 27.000000
1388246400 27.000000
1388250000 27.000000
1388253600 27.000000
1388257200 30.000000
1388260800 33.000000
1388264400 36.000000
1388268000 32.000000
1388271600 29.000000
1388275200 25.000000
1388278800 22.000000
1388282400 19.000000
1388286000 16.000000
1388289600 14.000000
1388293200 12.000000
1388296800 10.000000
1388300400 9.000000
1388304000 8.000000
1388307600 7.000000
1388311200 5.000000
1388314800 3.000000
1388318400 1.000000
1388322000 1.000000
1388325600 0.000000
1388329200 0.000000
1388332800 0.000000
1388336400 0.000000
1388340000 -1.000000
1388343600 -1.000000
1388347200 -1.000000
1388350800 -1.000000
1388354400 -1.000000
1388358000 -1.000000
1388361600 -1.000000
1388365200 -5.000000
1388368800 -8.000000
1388372400 -12.000000
1388376000 -11.000000
1388379600 -11.000000
1388383200 -10.000000
1388386800 -9.000000
1388390400 -9.000000
1388394000 -8.000000
1388397600 -8.000000
1388401200 -8.000000
1388404800 -8.000000
1388408400 -8.000000
1388412000 -7.000000
1388415600 -7.000000
1388419200 -8.000000
1388422800 -9.000000
1388426400 -10.000000
1388430000 -8.000000
1388433600 -7.000000
1388437200 -5.000000
1388440800 -4.000000
1388444400 -2.000000
1388448000 -1.000000
1388451600 -5.000000
1388455200 -8.000000
1388458800 -12.000000
1388462400 -10.000000
1388466000 -7.000000
1388469600 -5.000000
1388473200 -1.000000
1388476800 1.000000
1388480400 5.000000
1388484000 3.000000
1388487600 0.000000
1388491200 -1.000000
1388494800 -2.000000
1388498400 -4.000000
1388502000 -5.000000
1388505600 -3.000000
1388509200 -1.000000
1388512800 0.000000
1388516400 0.000000
1388520000 -2.000000
1388523600 -3.000000
1388527200 -2.000000
1388530800 -2.000000
1388534400 -1.000000
1388538000 -2.000000
1388541600 -4.000000
1388545200 -5.000000
1388548800 -6.000000
1388552400 -7.000000
1388556000 -8.000000
1388559600 -9.000000
1388563200 -11.000000
1388566800 -12.000000
1388570400 -11.000000
1388574000 -11.000000
1388577600 -10.000000
1388581200 -8.000000
1388584800 -5.000000
1388588400 -3.000000
1388592000 -2.000000
1388595600 0.000000
1388599200 0.000000
1388602800 0.000000
1388606400 1.000000
1388610000 1.000000
1388613600 1.000000
1388617200 0.000000
1388620800 0.000000
1388624400 0.000000
1388628000 0.000000
1388631600 -1.000000
1388635200 -1.000000
1388638800 -1.000000
1388642400 -1.000000
1388646000 -3.000000
1388649600 -6.000000
1388653200 -8.000000
1388656800 -6.000000
1388660400 -5.000000
1388664000 -3.000000
1388667600 -2.000000
1388671200 0.000000
1388674800 0.000000
1388678400 0.000000
1388682000 1.000000
1388685600 1.000000
1388689200 1.000000
1388692800 1.000000
1388696400 1.000000
1388700000 1.000000
1388703600 0.000000
1388707200 0.000000
1388710800 0.000000
1388714400 0.000000
1388718000 0.000000
1388721600 0.000000
1388725200 0.000000
1388728800 0.000000
1388732400 0.000000
1388736000 -2.000000
1388739600 -3.000000
1388743200 -1.000000
1388746800 0.000000
1388750400 1.000000
1388754000 2.000000
1388757600 4.000000
1388761200 5.000000
1388764800 7.000000
1388768400 8.000000
1388772000 10.000000
1388775600 10.000000
1388779200 9.000000
1388782800 9.000000
1388786400 9.000000
1388790000 9.000000
1388793600 9.000000
1388797200 9.000000
1388800800 9.000000
1388804400 9.000000
1388808000 8.000000
1388811600 8.000000
1388815200 7.000000
1388818800 8.000000
1388822400 8.000000
1388826000 9.000000
1388829600 9.000000
1388833200 10.000000
1388836800 10.000000
1388840400 11.000000
1388844000 11.000000
1388847600 12.000000
1388851200 12.000000
1388854800 12.000000
1388858400 12.000000
1388862000 11.000000
1388865600 11.000000
1388869200 10.000000
1388872800 10.000000
1388876400 9.000000
1388880000 9.000000
1388883600 8.000000
1388887200 6.000000
1388890800 5.000000
1388894400 4.000000
1388898000 4.000000
1388901600 3.000000
1388905200 3.000000
1388908800 3.000000
1388912400 3.000000
1388916000 3.000000
1388919600 3.000000
1388923200 3.000000
1388926800 4.000000
1388930400 6.000000
1388934000 7.000000
1388937600 8.000000
1388941200 8.000000
1388944800 9.000000
1388948400 9.000000
1388952000 9.000000
1388955600 9.000000
1388959200 9.000000
1388962800 9.000000
1388966400 9.000000
1388970000 8.000000
1388973600 8.000000
1388977200 7.000000
1388980800 6.000000
