1389625200 27.000000
1389628800 27.000000
1389632400 27.000000
1389636000 27.000000
1389639600 27.000000
1389643200 27.000000
1389646800 27.000000
1389650400 26.000000
1389654000 24.000000
1389657600 23.000000
1389661200 22.000000
1389664800 22.000000
1389668400 21.000000
1389672000 23.000000
1389675600 25.000000
1389679200 27.000000
1389682800 27.000000
1389686400 28.000000
1389690000 28.000000
1389693600 28.000000
1389697200 27.000000
1389700800 27.000000
1389704400 26.000000
1389708000 24.000000
1389711600 23.000000
1389715200 23.000000
1389718800 23.000000
1389722400 23.000000
1389726000 21.000000
1389729600 20.000000
1389733200 18.000000
1389736800 18.000000
1389740400 18.000000
1389744000 18.000000
1389747600 17.000000
1389751200 15.000000
1389754800 14.000000
1389758400 12.000000
1389762000 9.000000
1389765600 7.000000
1389769200 8.000000
1389772800 8.000000
1389776400 9.000000
1389780000 8.000000
1389783600 6.000000
1389787200 5.000000
1389790800 5.000000
1389794400 5.000000
1389798000 5.000000
1389801600 6.000000
1389805200 6.000000
1389808800 7.000000
1389812400 7.000000
1389816000 7.000000
1389819600 7.000000
1389823200 9.000000
1389826800 10.000000
1389830400 12.000000
1389834000 16.000000
1389837600 19.000000
1389841200 23.000000
1389844800 24.000000
1389848400 24.000000
1389852000 25.000000
1389855600 28.000000
1389859200 31.000000
1389862800 34.000000
1389866400 32.000000
1389870000 29.000000
1389873600 27.000000
1389877200 27.000000
1389880800 27.000000
1389884400 27.000000
1389888000 29.000000
1389891600 32.000000
1389895200 34.000000
1389898800 33.000000
1389902400 33.000000
1389906000 32.000000
1389909600 27.000000
1389913200 21.000000
1389916800 16.000000
1389920400 13.000000
1389924000 10.000000
1389927600 7.000000
1389931200 6.000000
1389934800 6.000000
1389938400 5.000000
1389942000 4.000000
1389945600 4.000000
1389949200 3.000000
1389952800 2.000000
1389956400 2.000000
1389960000 1.000000
1389963600 2.000000
1389967200 4.000000
1389970800 5.000000
1389974400 6.000000
1389978000 8.000000
1389981600 9.000000
1389985200 11.000000
1389988800 14.000000
1389992400 16.000000
1389996000 18.000000
1389999600 21.000000
1390003200 23.000000
1390006800 24.000000
1390010400 24.000000
1390014000 25.000000
1390017600 24.000000
1390021200 22.000000
1390024800 21.000000
1390028400 18.000000
1390032000 15.000000
1390035600 12.000000
1390039200 10.000000
1390042800 9.000000
1390046400 7.000000
1390050000 8.000000
1390053600 9.000000
1390057200 10.000000
1390060800 12.000000
1390064400 14.000000
1390068000 16.000000
1390071600 15.000000
1390075200 13.000000
1390078800 12.000000
1390082400 14.000000
1390086000 17.000000
1390089600 19.000000
1390093200 17.000000
1390096800 16.000000
1390100400 14.000000
1390104000 12.000000
1390107600 11.000000
1390111200 9.000000
1390114800 9.000000
1390118400 10.000000
1390122000 10.000000
1390125600 10.000000
1390129200 10.000000
1390132800 10.000000
1390136400 10.000000
1390140000 10.000000
1390143600 10.000000
1390147200 13.000000
1390150800 16.000000
1390154400 19.000000
1390158000 20.000000
1390161600 22.000000
1390165200 23.000000
1390168800 22.000000
1390172400 20.000000
1390176000 19.000000
1390179600 19.000000
1390183200 19.000000
1390186800 19.000000
1390190400 20.000000
1390194000 20.000000
1390197600 21.000000
1390201200 21.000000
1390204800 21.000000
1390208400 21.000000
1390212000 21.000000
1390215600 21.000000
1390219200 21.000000
1390222800 22.000000
1390226400 22.000000
1390230000 23.000000
1390233600 25.000000
1390237200 26.000000
1390240800 28.000000
1390244400 28.000000
1390248000 27.000000
1390251600 27.000000
1390255200 26.000000
1390258800 24.000000
1390262400 23.000000
1390266000 22.000000
1390269600 22.000000
1390273200 21.000000
1390276800 20.000000
1390280400 20.000000
1390284000 19.000000
1390287600 19.000000
1390291200 18.000000
1390294800 18.000000
1390298400 18.000000
1390302000 18.000000
1390305600 18.000000
1390309200 18.000000
1390312800 19.000000
1390316400 19.000000
1390320000 20.000000
1390323600 22.000000
1390327200 23.000000
1390330800 22.000000
1390334400 22.000000
1390338000 21.000000
1390341600 20.000000
1390345200 20.000000
1390348800 19.000000
1390352400 19.000000
1390356000 19.000000
1390359600 19.000000
1390363200 19.000000
1390366800 18.000000
1390370400 18.000000
1390374000 18.000000
1390377600 18.000000
1390381200 18.000000
1390384800 18.000000
1390388400 18.000000
1390392000 18.000000
1390395600 19.000000
1390399200 20.000000
1390402800 21.000000
1390406400 22.000000
1390410000 22.000000
1390413600 23.000000
1390417200 22.000000
1390420800 22.000000
1390424400 21.000000
1390428000 20.000000
1390431600 20.000000
1390435200 19.000000
1390438800 19.000000
1390442400 19.000000
1390446000 19.000000
1390449600 19.000000
1390453200 19.000000
1390456800 19.000000
1390460400 19.000000
1390464000 19.000000
1390467600 19.000000
1390471200 19.000000
1390474800 19.000000
1390478400 19.000000
1390482000 20.000000
1390485600 20.000000
