1390320000 -6.000000
1390323600 -3.000000
1390327200 -1.000000
1390330800 0.000000
1390334400 0.000000
1390338000 1.000000
1390341600 1.000000
1390345200 0.000000
1390348800 0.000000
1390352400 2.000000
1390356000 3.000000
1390359600 5.000000
1390363200 6.000000
1390366800 6.000000
1390370400 7.000000
1390374000 7.000000
1390377600 7.000000
1390381200 7.000000
1390384800 6.000000
1390388400 6.000000
1390392000 5.000000
1390395600 4.000000
1390399200 2.000000
1390402800 1.000000
1390406400 3.000000
1390410000 5.000000
1390413600 7.000000
1390417200 7.000000
1390420800 7.000000
1390424400 7.000000
1390428000 5.000000
1390431600 2.000000
1390435200 0.000000
1390438800 0.000000
1390442400 0.000000
1390446000 -1.000000
1390449600 -2.000000
1390453200 -4.000000
1390456800 -5.000000
1390460400 -4.000000
1390464000 -4.000000
1390467600 -3.000000
1390471200 -4.000000
1390474800 -6.000000
1390478400 -7.000000
1390482000 -7.000000
1390485600 -7.000000
1390489200 -7.000000
1390492800 -6.000000
1390496400 -4.000000
1390500000 -3.000000
1390503600 -2.000000
1390507200 0.000000
1390510800 0.000000
1390514400 0.000000
1390518000 0.000000
1390521600 -1.000000
1390525200 0.000000
1390528800 0.000000
1390532400 0.000000
1390536000 1.000000
1390539600 2.000000
1390543200 3.000000
1390546800 7.000000
1390550400 10.000000
1390554000 14.000000
1390557600 16.000000
1390561200 19.000000
1390564800 21.000000
1390568400 22.000000
1390572000 22.000000
1390575600 23.000000
1390579200 25.000000
1390582800 28.000000
1390586400 30.000000
1390590000 30.000000
1390593600 30.000000
1390597200 30.000000
1390600800 29.000000
1390604400 29.000000
1390608000 28.000000
1390611600 28.000000
1390615200 28.000000
1390618800 28.000000
1390622400 27.000000
1390626000 26.000000
1390629600 25.000000
1390633200 26.000000
1390636800 26.000000
1390640400 27.000000
1390644000 24.000000
1390647600 22.000000
1390651200 19.000000
1390654800 17.000000
1390658400 16.000000
1390662000 14.000000
1390665600 13.000000
1390669200 13.000000
1390672800 12.000000
1390676400 11.000000
1390680000 11.000000
1390683600 10.000000
1390687200 10.000000
1390690800 10.000000
1390694400 10.000000
1390698000 9.000000
1390701600 8.000000
1390705200 7.000000
1390708800 3.000000
1390712400 0.000000
1390716000 -3.000000
1390719600 -3.000000
1390723200 -3.000000
1390726800 -3.000000
1390730400 3.000000
1390734000 9.000000
1390737600 16.000000
1390741200 12.000000
1390744800 7.000000
1390748400 3.000000
1390752000 5.000000
1390755600 8.000000
1390759200 10.000000
1390762800 12.000000
1390766400 14.000000
1390770000 16.000000
1390773600 12.000000
1390777200 7.000000
1390780800 3.000000
1390784400 2.000000
1390788000 1.000000
1390791600 0.000000
1390795200 3.000000
1390798800 6.000000
1390802400 9.000000
1390806000 5.000000
1390809600 0.000000
1390813200 -3.000000
1390816800 -4.000000
1390820400 -4.000000
1390824000 -5.000000
1390827600 -4.000000
1390831200 -4.000000
1390834800 -3.000000
1390838400 -1.000000
1390842000 0.000000
1390845600 1.000000
1390849200 0.000000
1390852800 0.000000
1390856400 -1.000000
1390860000 -1.000000
1390863600 -1.000000
1390867200 -1.000000
1390870800 -2.000000
1390874400 -4.000000
1390878000 -5.000000
1390881600 -6.000000
1390885200 -6.000000
1390888800 -7.000000
1390892400 -8.000000
1390896000 -9.000000
1390899600 -10.000000
1390903200 -11.000000
1390906800 -11.000000
1390910400 -12.000000
1390914000 -10.000000
1390917600 -9.000000
1390921200 -7.000000
1390924800 -6.000000
1390928400 -4.000000
1390932000 -3.000000
1390935600 -3.000000
1390939200 -3.000000
1390942800 -3.000000
1390946400 -3.000000
1390950000 -3.000000
1390953600 -3.000000
1390957200 -4.000000
1390960800 -4.000000
1390964400 -5.000000
1390968000 -6.000000
1390971600 -6.000000
1390975200 -7.000000
1390978800 -7.000000
1390982400 -7.000000
1390986000 -7.000000
1390989600 -7.000000
1390993200 -7.000000
1390996800 -7.000000
1391000400 -5.000000
1391004000 -3.000000
1391007600 -1.000000
1391011200 0.000000
1391014800 3.000000
1391018400 5.000000
1391022000 4.000000
1391025600 4.000000
1391029200 3.000000
1391032800 3.000000
1391036400 3.000000
1391040000 3.000000
1391043600 3.000000
1391047200 3.000000
1391050800 3.000000
1391054400 3.000000
1391058000 3.000000
1391061600 3.000000
1391065200 3.000000
1391068800 3.000000
1391072400 3.000000
1391076000 3.000000
1391079600 3.000000
1391083200 3.000000
1391086800 5.000000
1391090400 7.000000
1391094000 9.000000
1391097600 10.000000
1391101200 11.000000
1391104800 12.000000
1391108400 12.000000
1391112000 12.000000
1391115600 12.000000
1391119200 13.000000
1391122800 15.000000
1391126400 16.000000
1391130000 14.000000
1391133600 12.000000
1391137200 10.000000
1391140800 10.000000
1391144400 9.000000
1391148000 9.000000
1391151600 8.000000
1391155200 8.000000
1391158800 7.000000
1391162400 7.000000
1391166000 7.000000
1391169600 7.000000
1391173200 8.000000
1391176800 8.000000
1391180400 9.000000
