1388646000 -6.000000
1388649600 -7.000000
1388653200 -8.000000
1388656800 -7.000000
1388660400 -6.000000
1388664000 -5.000000
1388667600 -6.000000
1388671200 -6.000000
1388674800 -7.000000
1388678400 -6.000000
1388682000 -4.000000
1388685600 -3.000000
1388689200 -2.000000
1388692800 -2.000000
1388696400 -1.000000
1388700000 -2.000000
1388703600 -4.000000
1388707200 -5.000000
1388710800 -7.000000
1388714400 -10.000000
1388718000 -12.000000
1388721600 -12.000000
1388725200 -12.000000
1388728800 -12.000000
1388732400 -10.000000
1388736000 -7.000000
1388739600 -5.000000
1388743200 -5.000000
1388746800 -5.000000
1388750400 -5.000000
1388754000 -1.000000
1388757600 3.000000
1388761200 7.000000
1388764800 7.000000
1388768400 7.000000
1388772000 7.000000
1388775600 9.000000
1388779200 10.000000
1388782800 12.000000
1388786400 14.000000
1388790000 17.000000
1388793600 19.000000
1388797200 20.000000
1388800800 22.000000
1388804400 23.000000
1388808000 24.000000
1388811600 26.000000
1388815200 27.000000
1388818800 24.000000
1388822400 22.000000
1388826000 19.000000
1388829600 22.000000
1388833200 24.000000
1388836800 27.000000
1388840400 24.000000
1388844000 22.000000
1388847600 19.000000
1388851200 19.000000
1388854800 18.000000
1388858400 18.000000
1388862000 18.000000
1388865600 18.000000
1388869200 18.000000
1388872800 15.000000
1388876400 13.000000
1388880000 10.000000
1388883600 8.000000
1388887200 7.000000
1388890800 5.000000
1388894400 4.000000
1388898000 2.000000
1388901600 1.000000
1388905200 -3.000000
1388908800 -7.000000
1388912400 -12.000000
1388916000 -10.000000
1388919600 -7.000000
1388923200 -5.000000
1388926800 -6.000000
1388930400 -6.000000
1388934000 -7.000000
1388937600 -4.000000
1388941200 -2.000000
1388944800 0.000000
1388948400 0.000000
1388952000 0.000000
1388955600 -1.000000
1388959200 -1.000000
1388962800 -1.000000
1388966400 -1.000000
1388970000 -2.000000
1388973600 -4.000000
1388977200 -5.000000
1388980800 -7.000000
1388984400 -10.000000
1388988000 -12.000000
1388991600 -14.000000
1388995200 -17.000000
1388998800 -19.000000
1389002400 -18.000000
1389006000 -18.000000
1389009600 -17.000000
1389013200 -16.000000
1389016800 -15.000000
1389020400 -14.000000
1389024000 -15.000000
1389027600 -16.000000
1389031200 -17.000000
1389034800 -16.000000
1389038400 -15.000000
1389042000 -14.000000
1389045600 -12.000000
1389049200 -10.000000
1389052800 -8.000000
1389056400 -8.000000
1389060000 -8.000000
1389063600 -8.000000
1389067200 -9.000000
1389070800 -9.000000
1389074400 -10.000000
1389078000 -14.000000
1389081600 -17.000000
1389085200 -21.000000
1389088800 -19.000000
1389092400 -16.000000
1389096000 -14.000000
1389099600 -12.000000
1389103200 -10.000000
1389106800 -8.000000
1389110400 -9.000000
1389114000 -11.000000
1389117600 -12.000000
1389121200 -11.000000
1389124800 -9.000000
1389128400 -8.000000
1389132000 -8.000000
1389135600 -8.000000
1389139200 -8.000000
1389142800 -5.000000
1389146400 -2.000000
1389150000 0.000000
1389153600 0.000000
1389157200 0.000000
1389160800 -1.000000
1389164400 -5.000000
1389168000 -10.000000
1389171600 -14.000000
1389175200 -10.000000
1389178800 -5.000000
1389182400 -1.000000
1389186000 -1.000000
1389189600 -1.000000
1389193200 -1.000000
1389196800 0.000000
1389200400 1.000000
1389204000 3.000000
1389207600 6.000000
1389211200 9.000000
1389214800 12.000000
1389218400 17.000000
1389222000 22.000000
1389225600 27.000000
1389229200 20.000000
1389232800 14.000000
1389236400 7.000000
1389240000 5.000000
1389243600 3.000000
1389247200 1.000000
1389250800 2.000000
1389254400 2.000000
1389258000 3.000000
1389261600 2.000000
1389265200 1.000000
1389268800 0.000000
1389272400 1.000000
1389276000 2.000000
1389279600 3.000000
1389283200 5.000000
1389286800 7.000000
1389290400 9.000000
1389294000 8.000000
1389297600 8.000000
1389301200 7.000000
1389304800 6.000000
1389308400 6.000000
1389312000 5.000000
1389315600 4.000000
1389319200 4.000000
1389322800 3.000000
1389326400 5.000000
1389330000 7.000000
1389333600 9.000000
1389337200 8.000000
1389340800 6.000000
1389344400 5.000000
1389348000 6.000000
1389351600 6.000000
1389355200 7.000000
1389358800 8.000000
1389362400 9.000000
1389366000 10.000000
1389369600 11.000000
1389373200 13.000000
1389376800 14.000000
1389380400 14.000000
1389384000 14.000000
1389387600 14.000000
1389391200 14.000000
1389394800 14.000000
1389398400 14.000000
1389402000 14.000000
1389405600 14.000000
1389409200 14.000000
1389412800 14.000000
1389416400 14.000000
1389420000 14.000000
1389423600 14.000000
1389427200 14.000000
1389430800 14.000000
1389434400 15.000000
1389438000 15.000000
1389441600 16.000000
1389445200 17.000000
1389448800 17.000000
1389452400 18.000000
1389456000 19.000000
1389459600 20.000000
1389463200 21.000000
1389466800 21.000000
1389470400 21.000000
1389474000 21.000000
1389477600 22.000000
1389481200 22.000000
1389484800 23.000000
1389488400 22.000000
1389492000 22.000000
1389495600 21.000000
1389499200 21.000000
1389502800 21.000000
1389506400 21.000000
