1394733600 43.000000
1394737200 44.000000
1394740800 44.000000
1394744400 45.000000
1394748000 43.000000
1394751600 41.000000
1394755200 39.000000
1394758800 38.000000
1394762400 38.000000
1394766000 37.000000
1394769600 37.000000
1394773200 37.000000
1394776800 37.000000
1394780400 35.000000
1394784000 34.000000
1394787600 32.000000
1394791200 33.000000
1394794800 35.000000
1394798400 36.000000
1394802000 37.000000
1394805600 38.000000
1394809200 39.000000
1394812800 39.000000
1394816400 39.000000
1394820000 39.000000
1394823600 40.000000
1394827200 40.000000
1394830800 41.000000
1394834400 40.000000
1394838000 40.000000
1394841600 39.000000
1394845200 34.000000
1394848800 30.000000
1394852400 25.000000
1394856000 24.000000
1394859600 24.000000
1394863200 23.000000
1394866800 22.000000
1394870400 20.000000
1394874000 19.000000
1394877600 19.000000
1394881200 19.000000
1394884800 19.000000
1394888400 21.000000
1394892000 23.000000
1394895600 25.000000
1394899200 26.000000
1394902800 26.000000
1394906400 27.000000
1394910000 28.000000
1394913600 29.000000
1394917200 30.000000
1394920800 29.000000
1394924400 28.000000
1394928000 27.000000
1394931600 25.000000
1394935200 23.000000
1394938800 21.000000
1394942400 19.000000
1394946000 18.000000
1394949600 16.000000
1394953200 16.000000
1394956800 16.000000
1394960400 16.000000
1394964000 12.000000
1394967600 7.000000
1394971200 3.000000
1394974800 7.000000
1394978400 12.000000
1394982000 16.000000
1394985600 17.000000
1394989200 17.000000
1394992800 18.000000
1394996400 20.000000
1395000000 21.000000
1395003600 23.000000
1395007200 23.000000
1395010800 23.000000
1395014400 23.000000
1395018000 21.000000
1395021600 20.000000
1395025200 18.000000
1395028800 20.000000
1395032400 23.000000
1395036000 25.000000
1395039600 26.000000
1395043200 27.000000
1395046800 28.000000
1395050400 29.000000
1395054000 29.000000
1395057600 30.000000
1395061200 26.000000
1395064800 23.000000
1395068400 19.000000
1395072000 25.000000
1395075600 31.000000
1395079200 37.000000
1395082800 38.000000
1395086400 38.000000
1395090000 39.000000
1395093600 37.000000
1395097200 36.000000
1395100800 34.000000
1395104400 36.000000
1395108000 39.000000
1395111600 41.000000
1395115200 37.000000
1395118800 32.000000
1395122400 28.000000
1395126000 29.000000
1395129600 31.000000
1395133200 32.000000
1395136800 32.000000
1395140400 32.000000
1395144000 32.000000
1395147600 33.000000
1395151200 35.000000
1395154800 36.000000
1395158400 38.000000
1395162000 41.000000
1395165600 43.000000
1395169200 43.000000
1395172800 43.000000
1395176400 43.000000
1395180000 42.000000
1395183600 40.000000
1395187200 39.000000
1395190800 39.000000
1395194400 39.000000
1395198000 39.000000
1395201600 38.000000
1395205200 37.000000
1395208800 36.000000
1395212400 34.000000
1395216000 32.000000
1395219600 30.000000
1395223200 28.000000
1395226800 27.000000
1395230400 25.000000
1395234000 27.000000
1395237600 28.000000
1395241200 30.000000
1395244800 30.000000
1395248400 30.000000
1395252000 30.000000
1395255600 34.000000
1395259200 39.000000
1395262800 43.000000
1395266400 42.000000
1395270000 40.000000
1395273600 39.000000
1395277200 37.000000
1395280800 36.000000
1395284400 34.000000
1395288000 29.000000
1395291600 24.000000
1395295200 19.000000
1395298800 22.000000
1395302400 25.000000
1395306000 28.000000
1395309600 25.000000
1395313200 21.000000
1395316800 18.000000
1395320400 21.000000
1395324000 25.000000
1395327600 28.000000
1395331200 32.000000
1395334800 37.000000
1395338400 41.000000
1395342000 42.000000
1395345600 44.000000
1395349200 45.000000
1395352800 44.000000
1395356400 42.000000
1395360000 41.000000
1395363600 40.000000
1395367200 38.000000
1395370800 37.000000
1395374400 35.000000
1395378000 34.000000
1395381600 32.000000
1395385200 33.000000
1395388800 35.000000
1395392400 36.000000
1395396000 29.000000
1395399600 23.000000
1395403200 16.000000
1395406800 18.000000
1395410400 21.000000
1395414000 23.000000
1395417600 31.000000
1395421200 38.000000
1395424800 46.000000
1395428400 47.000000
1395432000 49.000000
1395435600 50.000000
1395439200 47.000000
1395442800 44.000000
1395446400 41.000000
1395450000 40.000000
1395453600 38.000000
1395457200 37.000000
1395460800 36.000000
1395464400 35.000000
1395468000 34.000000
1395471600 30.000000
1395475200 27.000000
1395478800 23.000000
1395482400 23.000000
1395486000 23.000000
1395489600 23.000000
1395493200 24.000000
1395496800 26.000000
1395500400 27.000000
1395504000 28.000000
1395507600 29.000000
1395511200 30.000000
1395514800 34.000000
1395518400 37.000000
1395522000 41.000000
1395525600 40.000000
1395529200 38.000000
1395532800 37.000000
1395536400 36.000000
1395540000 35.000000
1395543600 34.000000
1395547200 31.000000
1395550800 28.000000
1395554400 25.000000
1395558000 24.000000
1395561600 24.000000
1395565200 23.000000
1395568800 22.000000
1395572400 22.000000
1395576000 21.000000
1395579600 22.000000
1395583200 24.000000
1395586800 25.000000
1395590400 26.000000
1395594000 26.000000
