1391972400 4.000000
1391976000 6.000000
1391979600 7.000000
1391983200 6.000000
1391986800 4.000000
1391990400 3.000000
1391994000 1.000000
1391997600 0.000000
1392001200 -1.000000
1392004800 -2.000000
1392008400 -4.000000
1392012000 -5.000000
1392015600 -6.000000
1392019200 -6.000000
1392022800 -7.000000
1392026400 -7.000000
1392030000 -8.000000
1392033600 -8.000000
1392037200 -8.000000
1392040800 -8.000000
1392044400 -8.000000
1392048000 -5.000000
1392051600 -2.000000
1392055200 0.000000
1392058800 1.000000
1392062400 2.000000
1392066000 3.000000
1392069600 3.000000
1392073200 3.000000
1392076800 3.000000
1392080400 0.000000
1392084000 -2.000000
1392087600 -5.000000
1392091200 -8.000000
1392094800 -11.000000
1392098400 -14.000000
1392102000 -13.000000
1392105600 -13.000000
1392109200 -12.000000
1392112800 -10.000000
1392116400 -9.000000
1392120000 -7.000000
1392123600 -6.000000
1392127200 -6.000000
1392130800 -5.000000
1392134400 -1.000000
1392138000 3.000000
1392141600 7.000000
1392145200 9.000000
1392148800 10.000000
1392152400 12.000000
1392156000 12.000000
1392159600 12.000000
1392163200 12.000000
1392166800 14.000000
1392170400 17.000000
1392174000 19.000000
1392177600 20.000000
1392181200 20.000000
1392184800 21.000000
1392188400 19.000000
1392192000 18.000000
1392195600 16.000000
1392199200 15.000000
1392202800 13.000000
1392206400 12.000000
1392210000 13.000000
1392213600 13.000000
1392217200 14.000000
1392220800 18.000000
1392224400 21.000000
1392228000 25.000000
1392231600 24.000000
1392235200 22.000000
1392238800 21.000000
1392242400 22.000000
1392246000 24.000000
1392249600 25.000000
1392253200 20.000000
1392256800 14.000000
1392260400 9.000000
1392264000 12.000000
1392267600 16.000000
1392271200 19.000000
1392274800 13.000000
1392278400 7.000000
1392282000 1.000000
1392285600 8.000000
1392289200 16.000000
1392292800 23.000000
1392296400 28.000000
1392300000 34.000000
1392303600 39.000000
1392307200 38.000000
1392310800 37.000000
1392314400 36.000000
1392318000 33.000000
1392321600 30.000000
1392325200 27.000000
1392328800 24.000000
1392332400 22.000000
1392336000 19.000000
1392339600 20.000000
1392343200 20.000000
1392346800 21.000000
1392350400 17.000000
1392354000 14.000000
1392357600 10.000000
1392361200 15.000000
1392364800 20.000000
1392368400 25.000000
1392372000 24.000000
1392375600 22.000000
1392379200 21.000000
1392382800 17.000000
1392386400 14.000000
1392390000 10.000000
1392393600 12.000000
1392397200 14.000000
1392400800 16.000000
1392404400 15.000000
1392408000 15.000000
1392411600 14.000000
1392415200 15.000000
1392418800 17.000000
1392422400 18.000000
1392426000 15.000000
1392429600 13.000000
1392433200 10.000000
1392436800 11.000000
1392440400 11.000000
1392444000 12.000000
1392447600 11.000000
1392451200 10.000000
1392454800 9.000000
1392458400 8.000000
1392462000 8.000000
1392465600 7.000000
1392469200 7.000000
1392472800 7.000000
1392476400 7.000000
1392480000 11.000000
1392483600 14.000000
1392487200 18.000000
1392490800 17.000000
1392494400 17.000000
1392498000 16.000000
1392501600 20.000000
1392505200 24.000000
1392508800 28.000000
1392512400 23.000000
1392516000 17.000000
1392519600 12.000000
1392523200 18.000000
1392526800 24.000000
1392530400 30.000000
1392534000 23.000000
1392537600 16.000000
1392541200 9.000000
1392544800 9.000000
1392548400 9.000000
1392552000 9.000000
1392555600 9.000000
1392559200 10.000000
1392562800 10.000000
1392566400 13.000000
1392570000 15.000000
1392573600 18.000000
1392577200 19.000000
1392580800 20.000000
1392584400 21.000000
1392588000 20.000000
1392591600 20.000000
1392595200 19.000000
1392598800 19.000000
1392602400 18.000000
1392606000 18.000000
1392609600 18.000000
1392613200 19.000000
1392616800 19.000000
1392620400 19.000000
1392624000 19.000000
1392627600 19.000000
1392631200 19.000000
1392634800 19.000000
1392638400 19.000000
1392642000 20.000000
1392645600 20.000000
1392649200 21.000000
1392652800 22.000000
1392656400 24.000000
1392660000 25.000000
1392663600 24.000000
1392667200 24.000000
1392670800 23.000000
1392674400 22.000000
1392678000 22.000000
1392681600 21.000000
1392685200 21.000000
1392688800 21.000000
1392692400 21.000000
1392696000 20.000000
1392699600 20.000000
1392703200 19.000000
1392706800 19.000000
1392710400 19.000000
1392714000 19.000000
1392717600 19.000000
1392721200 19.000000
1392724800 19.000000
1392728400 20.000000
1392732000 22.000000
1392735600 23.000000
1392739200 24.000000
1392742800 26.000000
1392746400 27.000000
1392750000 26.000000
1392753600 26.000000
1392757200 25.000000
1392760800 24.000000
1392764400 24.000000
1392768000 23.000000
1392771600 23.000000
1392775200 23.000000
1392778800 23.000000
1392782400 22.000000
1392786000 22.000000
1392789600 21.000000
1392793200 21.000000
1392796800 21.000000
1392800400 21.000000
1392804000 20.000000
1392807600 20.000000
1392811200 19.000000
1392814800 21.000000
1392818400 23.000000
1392822000 25.000000
1392825600 27.000000
1392829200 28.000000
1392832800 30.000000
