1392649200 25.000000
1392652800 26.000000
1392656400 26.000000
1392660000 27.000000
1392663600 29.000000
1392667200 32.000000
1392670800 34.000000
1392674400 33.000000
1392678000 33.000000
1392681600 32.000000
1392685200 28.000000
1392688800 25.000000
1392692400 21.000000
1392696000 22.000000
1392699600 24.000000
1392703200 25.000000
1392706800 26.000000
1392710400 27.000000
1392714000 28.000000
1392717600 28.000000
1392721200 28.000000
1392724800 28.000000
1392728400 29.000000
1392732000 31.000000
1392735600 32.000000
1392739200 34.000000
1392742800 37.000000
1392746400 39.000000
1392750000 38.000000
1392753600 38.000000
1392757200 37.000000
1392760800 37.000000
1392764400 37.000000
1392768000 37.000000
1392771600 35.000000
1392775200 32.000000
1392778800 30.000000
1392782400 29.000000
1392786000 28.000000
1392789600 27.000000
1392793200 26.000000
1392796800 24.000000
1392800400 23.000000
1392804000 21.000000
1392807600 20.000000
1392811200 18.000000
1392814800 21.000000
1392818400 24.000000
1392822000 27.000000
1392825600 27.000000
1392829200 27.000000
1392832800 27.000000
1392836400 30.000000
1392840000 34.000000
1392843600 37.000000
1392847200 37.000000
1392850800 36.000000
1392854400 36.000000
1392858000 36.000000
1392861600 36.000000
1392865200 36.000000
1392868800 38.000000
1392872400 39.000000
1392876000 41.000000
1392879600 39.000000
1392883200 36.000000
1392886800 34.000000
1392890400 33.000000
1392894000 31.000000
1392897600 30.000000
1392901200 31.000000
1392904800 33.000000
1392908400 34.000000
1392912000 34.000000
1392915600 34.000000
1392919200 34.000000
1392922800 34.000000
1392926400 34.000000
1392930000 34.000000
1392933600 33.000000
1392937200 31.000000
1392940800 30.000000
1392944400 31.000000
1392948000 31.000000
1392951600 32.000000
1392955200 27.000000
1392958800 23.000000
1392962400 18.000000
1392966000 17.000000
1392969600 17.000000
1392973200 16.000000
1392976800 15.000000
1392980400 15.000000
1392984000 14.000000
1392987600 15.000000
1392991200 15.000000
1392994800 16.000000
1392998400 18.000000
1393002000 21.000000
1393005600 23.000000
1393009200 22.000000
1393012800 20.000000
1393016400 19.000000
1393020000 19.000000
1393023600 19.000000
1393027200 19.000000
1393030800 17.000000
1393034400 16.000000
1393038000 14.000000
1393041600 15.000000
1393045200 15.000000
1393048800 16.000000
1393052400 14.000000
1393056000 12.000000
1393059600 10.000000
1393063200 10.000000
1393066800 9.000000
1393070400 9.000000
1393074000 9.000000
1393077600 9.000000
1393081200 9.000000
1393084800 12.000000
1393088400 15.000000
1393092000 18.000000
1393095600 19.000000
1393099200 20.000000
1393102800 21.000000
1393106400 19.000000
1393110000 16.000000
1393113600 14.000000
1393117200 12.000000
1393120800 11.000000
1393124400 9.000000
1393128000 7.000000
1393131600 5.000000
1393135200 3.000000
1393138800 2.000000
1393142400 2.000000
1393146000 1.000000
1393149600 1.000000
1393153200 0.000000
1393156800 0.000000
1393160400 2.000000
1393164000 3.000000
1393167600 5.000000
1393171200 6.000000
1393174800 8.000000
1393178400 9.000000
1393182000 9.000000
1393185600 9.000000
1393189200 9.000000
1393192800 10.000000
1393196400 11.000000
1393200000 12.000000
1393203600 9.000000
1393207200 6.000000
1393210800 3.000000
1393214400 4.000000
1393218000 6.000000
1393221600 7.000000
1393225200 4.000000
1393228800 1.000000
1393232400 -1.000000
1393236000 -1.000000
1393239600 -1.000000
1393243200 -1.000000
1393246800 0.000000
1393250400 0.000000
1393254000 1.000000
1393257600 2.000000
1393261200 4.000000
1393264800 5.000000
1393268400 7.000000
1393272000 10.000000
1393275600 12.000000
1393279200 8.000000
1393282800 4.000000
1393286400 0.000000
1393290000 0.000000
1393293600 0.000000
1393297200 -1.000000
1393300800 -2.000000
1393304400 -2.000000
1393308000 -3.000000
1393311600 -3.000000
1393315200 -3.000000
1393318800 -3.000000
1393322400 -3.000000
1393326000 -3.000000
1393329600 -3.000000
1393333200 -2.000000
1393336800 0.000000
1393340400 0.000000
1393344000 2.000000
1393347600 5.000000
1393351200 7.000000
1393354800 8.000000
1393358400 9.000000
1393362000 10.000000
1393365600 7.000000
1393369200 4.000000
1393372800 1.000000
1393376400 1.000000
1393380000 0.000000
1393383600 0.000000
1393387200 0.000000
1393390800 0.000000
1393394400 -1.000000
1393398000 -1.000000
1393401600 -1.000000
1393405200 -1.000000
1393408800 -1.000000
1393412400 -1.000000
1393416000 -1.000000
1393419600 0.000000
1393423200 1.000000
1393426800 3.000000
1393430400 5.000000
1393434000 7.000000
1393437600 9.000000
1393441200 8.000000
1393444800 8.000000
1393448400 7.000000
1393452000 6.000000
1393455600 6.000000
1393459200 5.000000
1393462800 5.000000
1393466400 5.000000
1393470000 5.000000
1393473600 4.000000
1393477200 4.000000
1393480800 3.000000
1393484400 2.000000
1393488000 2.000000
1393491600 1.000000
1393495200 1.000000
1393498800 1.000000
1393502400 1.000000
1393506000 3.000000
1393509600 5.000000
