1387386000 30.000000
1387389600 34.000000
1387393200 35.000000
1387396800 35.000000
1387400400 36.000000
1387404000 34.000000
1387407600 32.000000
1387411200 30.000000
1387414800 28.000000
1387418400 25.000000
1387422000 23.000000
1387425600 22.000000
1387429200 20.000000
1387432800 19.000000
1387436400 19.000000
1387440000 18.000000
1387443600 18.000000
1387447200 17.000000
1387450800 17.000000
1387454400 16.000000
1387458000 14.000000
1387461600 12.000000
1387465200 10.000000
1387468800 12.000000
1387472400 14.000000
1387476000 16.000000
1387479600 15.000000
1387483200 15.000000
1387486800 14.000000
1387490400 14.000000
1387494000 14.000000
1387497600 14.000000
1387501200 13.000000
1387504800 13.000000
1387508400 12.000000
1387512000 11.000000
1387515600 11.000000
1387519200 10.000000
1387522800 10.000000
1387526400 9.000000
1387530000 9.000000
1387533600 8.000000
1387537200 8.000000
1387540800 7.000000
1387544400 6.000000
1387548000 6.000000
1387551600 5.000000
1387555200 8.000000
1387558800 11.000000
1387562400 14.000000
1387566000 13.000000
1387569600 11.000000
1387573200 10.000000
1387576800 11.000000
1387580400 11.000000
1387584000 12.000000
1387587600 13.000000
1387591200 13.000000
1387594800 14.000000
1387598400 12.000000
1387602000 9.000000
1387605600 7.000000
1387609200 5.000000
1387612800 3.000000
1387616400 1.000000
1387620000 4.000000
1387623600 7.000000
1387627200 10.000000
1387630800 6.000000
1387634400 2.000000
1387638000 -1.000000
1387641600 5.000000
1387645200 11.000000
1387648800 18.000000
1387652400 17.000000
1387656000 15.000000
1387659600 14.000000
1387663200 15.000000
1387666800 15.000000
1387670400 16.000000
1387674000 15.000000
1387677600 15.000000
1387681200 14.000000
1387684800 12.000000
1387688400 11.000000
1387692000 9.000000
1387695600 11.000000
1387699200 12.000000
1387702800 14.000000
1387706400 11.000000
1387710000 8.000000
1387713600 5.000000
1387717200 3.000000
1387720800 2.000000
1387724400 0.000000
1387728000 3.000000
1387731600 7.000000
1387735200 10.000000
1387738800 10.000000
1387742400 10.000000
1387746000 10.000000
1387749600 11.000000
1387753200 11.000000
1387756800 12.000000
1387760400 10.000000
1387764000 9.000000
1387767600 7.000000
1387771200 4.000000
1387774800 1.000000
1387778400 -1.000000
1387782000 -2.000000
1387785600 -2.000000
1387789200 -3.000000
1387792800 -2.000000
1387796400 -2.000000
1387800000 -1.000000
1387803600 -1.000000
1387807200 -1.000000
1387810800 -1.000000
1387814400 1.000000
1387818000 4.000000
1387821600 7.000000
1387825200 4.000000
1387828800 1.000000
1387832400 -1.000000
1387836000 2.000000
1387839600 5.000000
1387843200 9.000000
1387846800 8.000000
1387850400 8.000000
1387854000 7.000000
1387857600 7.000000
1387861200 7.000000
1387864800 7.000000
1387868400 6.000000
1387872000 6.000000
1387875600 5.000000
1387879200 6.000000
1387882800 8.000000
1387886400 9.000000
1387890000 9.000000
1387893600 9.000000
1387897200 9.000000
1387900800 12.000000
1387904400 16.000000
1387908000 19.000000
1387911600 24.000000
1387915200 29.000000
1387918800 34.000000
1387922400 33.000000
1387926000 33.000000
1387929600 32.000000
1387933200 25.000000
1387936800 19.000000
1387940400 12.000000
1387944000 13.000000
1387947600 13.000000
1387951200 14.000000
1387954800 14.000000
1387958400 14.000000
1387962000 14.000000
1387965600 13.000000
1387969200 13.000000
1387972800 12.000000
1387976400 12.000000
1387980000 12.000000
1387983600 12.000000
1387987200 13.000000
1387990800 13.000000
1387994400 14.000000
1387998000 13.000000
1388001600 13.000000
1388005200 12.000000
1388008800 11.000000
1388012400 10.000000
1388016000 9.000000
1388019600 8.000000
1388023200 8.000000
1388026800 7.000000
1388030400 6.000000
1388034000 6.000000
1388037600 5.000000
1388041200 4.000000
1388044800 4.000000
1388048400 3.000000
1388052000 2.000000
1388055600 2.000000
1388059200 1.000000
1388062800 2.000000
1388066400 2.000000
1388070000 3.000000
1388073600 4.000000
1388077200 6.000000
1388080800 7.000000
1388084400 8.000000
1388088000 9.000000
1388091600 10.000000
1388095200 9.000000
1388098800 8.000000
1388102400 7.000000
1388106000 7.000000
1388109600 7.000000
1388113200 7.000000
1388116800 6.000000
1388120400 6.000000
1388124000 5.000000
1388127600 6.000000
1388131200 6.000000
1388134800 7.000000
1388138400 8.000000
1388142000 8.000000
1388145600 9.000000
1388149200 9.000000
1388152800 9.000000
1388156400 9.000000
1388160000 12.000000
1388163600 15.000000
1388167200 18.000000
1388170800 18.000000
1388174400 18.000000
1388178000 18.000000
1388181600 17.000000
1388185200 15.000000
1388188800 14.000000
1388192400 15.000000
1388196000 15.000000
1388199600 16.000000
1388203200 15.000000
1388206800 15.000000
1388210400 14.000000
1388214000 13.000000
1388217600 13.000000
1388221200 12.000000
1388224800 12.000000
1388228400 12.000000
1388232000 12.000000
1388235600 12.000000
1388239200 12.000000
1388242800 12.000000
1388246400 13.000000
