1388516400 -2.000000
1388520000 -2.000000
1388523600 -1.000000
1388527200 -1.000000
1388530800 -1.000000
1388534400 -1.000000
1388538000 -2.000000
1388541600 -4.000000
1388545200 -5.000000
1388548800 -4.000000
1388552400 -4.000000
1388556000 -3.000000
1388559600 -4.000000
1388563200 -6.000000
1388566800 -7.000000
1388570400 -7.000000
1388574000 -7.000000
1388577600 -7.000000
1388581200 -7.000000
1388584800 -7.000000
1388588400 -7.000000
1388592000 -4.000000
1388595600 -2.000000
1388599200 0.000000
1388602800 1.000000
1388606400 2.000000
1388610000 3.000000
1388613600 1.000000
1388617200 -1.000000
1388620800 -3.000000
1388624400 -1.000000
1388628000 0.000000
1388631600 1.000000
1388635200 0.000000
1388638800 0.000000
1388642400 -1.000000
1388646000 -3.000000
1388649600 -6.000000
1388653200 -8.000000
1388656800 -8.000000
1388660400 -7.000000
1388664000 -7.000000
1388667600 -8.000000
1388671200 -9.000000
1388674800 -10.000000
1388678400 -6.000000
1388682000 -2.000000
1388685600 1.000000
1388689200 2.000000
1388692800 4.000000
1388696400 5.000000
1388700000 3.000000
1388703600 2.000000
1388707200 0.000000
1388710800 -2.000000
1388714400 -4.000000
1388718000 -7.000000
1388721600 -8.000000
1388725200 -9.000000
1388728800 -10.000000
1388732400 -9.000000
1388736000 -8.000000
1388739600 -7.000000
1388743200 -5.000000
1388746800 -3.000000
1388750400 -1.000000
1388754000 0.000000
1388757600 1.000000
1388761200 3.000000
1388764800 7.000000
1388768400 12.000000
1388772000 16.000000
1388775600 20.000000
1388779200 23.000000
1388782800 27.000000
1388786400 21.000000
1388790000 16.000000
1388793600 10.000000
1388797200 11.000000
1388800800 13.000000
1388804400 14.000000
1388808000 16.000000
1388811600 17.000000
1388815200 19.000000
1388818800 19.000000
1388822400 19.000000
1388826000 19.000000
1388829600 19.000000
1388833200 18.000000
1388836800 18.000000
1388840400 19.000000
1388844000 20.000000
1388847600 21.000000
1388851200 22.000000
1388854800 24.000000
1388858400 25.000000
1388862000 25.000000
1388865600 25.000000
1388869200 25.000000
1388872800 23.000000
1388876400 21.000000
1388880000 19.000000
1388883600 21.000000
1388887200 23.000000
1388890800 25.000000
1388894400 22.000000
1388898000 19.000000
1388901600 16.000000
1388905200 11.000000
1388908800 6.000000
1388912400 1.000000
1388916000 1.000000
1388919600 1.000000
1388923200 1.000000
1388926800 4.000000
1388930400 6.000000
1388934000 9.000000
1388937600 6.000000
1388941200 4.000000
1388944800 1.000000
1388948400 8.000000
1388952000 16.000000
1388955600 23.000000
1388959200 19.000000
1388962800 16.000000
1388966400 12.000000
1388970000 16.000000
1388973600 19.000000
1388977200 23.000000
1388980800 21.000000
1388984400 18.000000
1388988000 16.000000
1388991600 14.000000
1388995200 11.000000
1388998800 9.000000
1389002400 7.000000
1389006000 5.000000
1389009600 3.000000
1389013200 2.000000
1389016800 1.000000
1389020400 0.000000
1389024000 1.000000
1389027600 2.000000
1389031200 3.000000
1389034800 4.000000
1389038400 6.000000
1389042000 7.000000
1389045600 5.000000
1389049200 2.000000
1389052800 0.000000
1389056400 2.000000
1389060000 3.000000
1389063600 5.000000
1389067200 3.000000
1389070800 2.000000
1389074400 0.000000
1389078000 -1.000000
1389081600 -3.000000
1389085200 -5.000000
1389088800 -7.000000
1389092400 -8.000000
1389096000 -10.000000
1389099600 -11.000000
1389103200 -11.000000
1389106800 -12.000000
1389110400 -10.000000
1389114000 -9.000000
1389117600 -7.000000
1389121200 -7.000000
1389124800 -7.000000
1389128400 -7.000000
1389132000 -7.000000
1389135600 -8.000000
1389139200 -8.000000
1389142800 -9.000000
1389146400 -9.000000
1389150000 -10.000000
1389153600 -11.000000
1389157200 -11.000000
1389160800 -12.000000
1389164400 -11.000000
1389168000 -11.000000
1389171600 -10.000000
1389175200 -10.000000
1389178800 -10.000000
1389182400 -10.000000
1389186000 -8.000000
1389189600 -7.000000
1389193200 -5.000000
1389196800 -4.000000
1389200400 -2.000000
1389204000 -1.000000
1389207600 -1.000000
1389211200 -1.000000
1389214800 -1.000000
1389218400 -1.000000
1389222000 -1.000000
1389225600 -1.000000
1389229200 -2.000000
1389232800 -2.000000
1389236400 -3.000000
1389240000 -3.000000
1389243600 -3.000000
1389247200 -3.000000
1389250800 -3.000000
1389254400 -3.000000
1389258000 -3.000000
1389261600 -3.000000
1389265200 -3.000000
1389268800 -3.000000
1389272400 -2.000000
1389276000 0.000000
1389279600 0.000000
1389283200 2.000000
1389286800 3.000000
1389290400 5.000000
1389294000 4.000000
1389297600 4.000000
1389301200 3.000000
1389304800 3.000000
1389308400 3.000000
1389312000 3.000000
1389315600 2.000000
1389319200 2.000000
1389322800 1.000000
1389326400 0.000000
1389330000 0.000000
1389333600 -1.000000
1389337200 0.000000
1389340800 0.000000
1389344400 0.000000
1389348000 0.000000
1389351600 0.000000
1389355200 0.000000
1389358800 1.000000
1389362400 2.000000
1389366000 3.000000
1389369600 5.000000
1389373200 7.000000
1389376800 9.000000
