1391713200 0.000000
1391716800 3.000000
1391720400 5.000000
1391724000 4.000000
1391727600 2.000000
1391731200 1.000000
1391734800 0.000000
1391738400 0.000000
1391742000 -1.000000
1391745600 -2.000000
1391749200 -2.000000
1391752800 -3.000000
1391756400 -4.000000
1391760000 -4.000000
1391763600 -5.000000
1391767200 -6.000000
1391770800 -6.000000
1391774400 -7.000000
1391778000 -4.000000
1391781600 -2.000000
1391785200 0.000000
1391788800 4.000000
1391792400 8.000000
1391796000 12.000000
1391799600 12.000000
1391803200 12.000000
1391806800 12.000000
1391810400 11.000000
1391814000 10.000000
1391817600 9.000000
1391821200 7.000000
1391824800 5.000000
1391828400 3.000000
1391832000 2.000000
1391835600 2.000000
1391839200 1.000000
1391842800 1.000000
1391846400 1.000000
1391850000 1.000000
1391853600 4.000000
1391857200 6.000000
1391860800 9.000000
1391864400 8.000000
1391868000 8.000000
1391871600 7.000000
1391875200 11.000000
1391878800 14.000000
1391882400 18.000000
1391886000 18.000000
1391889600 18.000000
1391893200 18.000000
1391896800 16.000000
1391900400 14.000000
1391904000 12.000000
1391907600 11.000000
1391911200 10.000000
1391914800 9.000000
1391918400 6.000000
1391922000 3.000000
1391925600 0.000000
1391929200 0.000000
1391932800 0.000000
1391936400 0.000000
1391940000 0.000000
1391943600 -2.000000
1391947200 -3.000000
1391950800 -2.000000
1391954400 -2.000000
1391958000 -1.000000
1391961600 0.000000
1391965200 1.000000
1391968800 3.000000
1391972400 4.000000
1391976000 4.000000
1391979600 5.000000
1391983200 4.000000
1391986800 2.000000
1391990400 1.000000
1391994000 1.000000
1391997600 0.000000
1392001200 0.000000
1392004800 -2.000000
1392008400 -4.000000
1392012000 -7.000000
1392015600 -8.000000
1392019200 -9.000000
1392022800 -10.000000
1392026400 -11.000000
1392030000 -13.000000
1392033600 -14.000000
1392037200 -13.000000
1392040800 -13.000000
1392044400 -12.000000
1392048000 -8.000000
1392051600 -3.000000
1392055200 0.000000
1392058800 2.000000
1392062400 3.000000
1392066000 5.000000
1392069600 3.000000
1392073200 2.000000
1392076800 0.000000
1392080400 0.000000
1392084000 0.000000
1392087600 -1.000000
1392091200 -2.000000
1392094800 -4.000000
1392098400 -5.000000
1392102000 -7.000000
1392105600 -8.000000
1392109200 -10.000000
1392112800 -11.000000
1392116400 -11.000000
1392120000 -12.000000
1392123600 -10.000000
1392127200 -9.000000
1392130800 -7.000000
1392134400 -1.000000
1392138000 3.000000
1392141600 9.000000
1392145200 9.000000
1392148800 10.000000
1392152400 10.000000
1392156000 11.000000
1392159600 11.000000
1392163200 12.000000
1392166800 9.000000
1392170400 6.000000
1392174000 3.000000
1392177600 4.000000
1392181200 4.000000
1392184800 5.000000
1392188400 5.000000
1392192000 5.000000
1392195600 5.000000
1392199200 5.000000
1392202800 5.000000
1392206400 5.000000
1392210000 6.000000
1392213600 6.000000
1392217200 7.000000
1392220800 10.000000
1392224400 13.000000
1392228000 16.000000
1392231600 17.000000
1392235200 18.000000
1392238800 19.000000
1392242400 18.000000
1392246000 17.000000
1392249600 16.000000
1392253200 15.000000
1392256800 15.000000
1392260400 14.000000
1392264000 18.000000
1392267600 23.000000
1392271200 27.000000
1392274800 21.000000
1392278400 16.000000
1392282000 10.000000
1392285600 10.000000
1392289200 9.000000
1392292800 9.000000
1392296400 12.000000
1392300000 15.000000
1392303600 18.000000
1392307200 20.000000
1392310800 23.000000
1392314400 25.000000
1392318000 26.000000
1392321600 27.000000
1392325200 28.000000
1392328800 27.000000
1392332400 26.000000
1392336000 25.000000
1392339600 20.000000
1392343200 15.000000
1392346800 10.000000
1392350400 10.000000
1392354000 10.000000
1392357600 10.000000
1392361200 10.000000
1392364800 9.000000
1392368400 9.000000
1392372000 9.000000
1392375600 9.000000
1392379200 9.000000
1392382800 9.000000
1392386400 9.000000
1392390000 9.000000
1392393600 11.000000
1392397200 12.000000
1392400800 14.000000
1392404400 13.000000
1392408000 13.000000
1392411600 12.000000
1392415200 11.000000
1392418800 11.000000
1392422400 10.000000
1392426000 10.000000
1392429600 10.000000
1392433200 10.000000
1392436800 10.000000
1392440400 9.000000
1392444000 9.000000
1392447600 8.000000
1392451200 8.000000
1392454800 7.000000
1392458400 7.000000
1392462000 7.000000
1392465600 7.000000
1392469200 8.000000
1392472800 8.000000
1392476400 9.000000
1392480000 10.000000
1392483600 11.000000
1392487200 12.000000
1392490800 11.000000
1392494400 10.000000
1392498000 9.000000
1392501600 8.000000
1392505200 6.000000
1392508800 5.000000
1392512400 5.000000
1392516000 5.000000
1392519600 5.000000
1392523200 4.000000
1392526800 4.000000
1392530400 3.000000
1392534000 3.000000
1392537600 3.000000
1392541200 3.000000
1392544800 3.000000
1392548400 3.000000
1392552000 3.000000
1392555600 4.000000
1392559200 6.000000
1392562800 7.000000
1392566400 9.000000
1392570000 10.000000
1392573600 12.000000
