1393524000 0.000000
1393527600 0.000000
1393531200 0.000000
1393534800 0.000000
1393538400 0.000000
1393542000 0.000000
1393545600 -1.000000
1393549200 -4.000000
1393552800 -7.000000
1393556400 -10.000000
1393560000 -10.000000
1393563600 -10.000000
1393567200 -10.000000
1393570800 -10.000000
1393574400 -10.000000
1393578000 -10.000000
1393581600 -9.000000
1393585200 -8.000000
1393588800 -7.000000
1393592400 -4.000000
1393596000 -2.000000
1393599600 0.000000
1393603200 3.000000
1393606800 7.000000
1393610400 10.000000
1393614000 11.000000
1393617600 11.000000
1393621200 12.000000
1393624800 10.000000
1393628400 9.000000
1393632000 7.000000
1393635600 7.000000
1393639200 7.000000
1393642800 7.000000
1393646400 5.000000
1393650000 3.000000
1393653600 1.000000
1393657200 2.000000
1393660800 2.000000
1393664400 3.000000
1393668000 0.000000
1393671600 -3.000000
1393675200 -7.000000
1393678800 -6.000000
1393682400 -6.000000
1393686000 -5.000000
1393689600 -3.000000
1393693200 0.000000
1393696800 1.000000
1393700400 3.000000
1393704000 5.000000
1393707600 7.000000
1393711200 5.000000
1393714800 2.000000
1393718400 0.000000
1393722000 0.000000
1393725600 0.000000
1393729200 -1.000000
1393732800 -3.000000
1393736400 -5.000000
1393740000 -7.000000
1393743600 -8.000000
1393747200 -9.000000
1393750800 -10.000000
1393754400 -10.000000
1393758000 -10.000000
1393761600 -10.000000
1393765200 -9.000000
1393768800 -8.000000
1393772400 -7.000000
1393776000 -4.000000
1393779600 -2.000000
1393783200 0.000000
1393786800 0.000000
1393790400 1.000000
1393794000 1.000000
1393797600 2.000000
1393801200 4.000000
1393804800 5.000000
1393808400 2.000000
1393812000 0.000000
1393815600 -3.000000
1393819200 -3.000000
1393822800 -3.000000
1393826400 -3.000000
1393830000 -2.000000
1393833600 -2.000000
1393837200 -1.000000
1393840800 -3.000000
1393844400 -6.000000
1393848000 -8.000000
1393851600 -5.000000
1393855200 -1.000000
1393858800 1.000000
1393862400 2.000000
1393866000 4.000000
1393869600 5.000000
1393873200 6.000000
1393876800 8.000000
1393880400 9.000000
1393884000 9.000000
1393887600 9.000000
1393891200 9.000000
1393894800 6.000000
1393898400 3.000000
1393902000 0.000000
1393905600 0.000000
1393909200 -2.000000
1393912800 -3.000000
1393916400 -4.000000
1393920000 -4.000000
1393923600 -5.000000
1393927200 -5.000000
1393930800 -5.000000
1393934400 -5.000000
1393938000 -2.000000
1393941600 0.000000
1393945200 3.000000
1393948800 5.000000
1393952400 7.000000
1393956000 9.000000
1393959600 9.000000
1393963200 10.000000
1393966800 10.000000
1393970400 10.000000
1393974000 9.000000
1393977600 9.000000
1393981200 9.000000
1393984800 9.000000
1393988400 9.000000
1393992000 8.000000
1393995600 6.000000
1393999200 5.000000
1394002800 4.000000
1394006400 4.000000
1394010000 3.000000
1394013600 2.000000
1394017200 2.000000
1394020800 1.000000
1394024400 4.000000
1394028000 7.000000
1394031600 10.000000
1394035200 11.000000
1394038800 13.000000
1394042400 14.000000
1394046000 18.000000
1394049600 21.000000
1394053200 25.000000
1394056800 24.000000
1394060400 24.000000
1394064000 23.000000
1394067600 21.000000
1394071200 20.000000
1394074800 18.000000
1394078400 17.000000
1394082000 15.000000
1394085600 14.000000
1394089200 12.000000
1394092800 11.000000
1394096400 9.000000
1394100000 8.000000
1394103600 8.000000
1394107200 7.000000
1394110800 9.000000
1394114400 12.000000
1394118000 14.000000
1394121600 16.000000
1394125200 17.000000
1394128800 19.000000
1394132400 21.000000
1394136000 23.000000
1394139600 25.000000
1394143200 25.000000
1394146800 25.000000
1394150400 25.000000
1394154000 25.000000
1394157600 25.000000
1394161200 25.000000
1394164800 21.000000
1394168400 18.000000
1394172000 14.000000
1394175600 14.000000
1394179200 14.000000
1394182800 14.000000
1394186400 15.000000
1394190000 15.000000
1394193600 16.000000
1394197200 18.000000
1394200800 19.000000
1394204400 21.000000
1394208000 23.000000
1394211600 25.000000
1394215200 27.000000
1394218800 27.000000
1394222400 28.000000
1394226000 28.000000
1394229600 26.000000
1394233200 25.000000
1394236800 23.000000
1394240400 22.000000
1394244000 22.000000
1394247600 21.000000
1394251200 21.000000
1394254800 21.000000
1394258400 21.000000
1394262000 20.000000
1394265600 20.000000
1394269200 19.000000
1394272800 19.000000
1394276400 18.000000
1394280000 18.000000
1394283600 20.000000
1394287200 21.000000
1394290800 23.000000
1394294400 24.000000
1394298000 26.000000
1394301600 27.000000
1394305200 26.000000
1394308800 26.000000
1394312400 25.000000
1394316000 25.000000
1394319600 25.000000
1394323200 25.000000
1394326800 24.000000
1394330400 24.000000
1394334000 23.000000
1394337600 22.000000
1394341200 22.000000
1394344800 21.000000
1394348400 20.000000
1394352000 20.000000
1394355600 19.000000
1394359200 19.000000
1394362800 19.000000
1394366400 19.000000
1394370000 20.000000
1394373600 22.000000
1394377200 23.000000
1394380800 24.000000
1394384400 26.000000
