1394863200 23.000000
1394866800 22.000000
1394870400 20.000000
1394874000 19.000000
1394877600 19.000000
1394881200 18.000000
1394884800 18.000000
1394888400 19.000000
1394892000 20.000000
1394895600 21.000000
1394899200 23.000000
1394902800 26.000000
1394906400 28.000000
1394910000 29.000000
1394913600 29.000000
1394917200 30.000000
1394920800 29.000000
1394924400 28.000000
1394928000 27.000000
1394931600 25.000000
1394935200 23.000000
1394938800 21.000000
1394942400 19.000000
1394946000 18.000000
1394949600 16.000000
1394953200 14.000000
1394956800 12.000000
1394960400 10.000000
1394964000 10.000000
1394967600 10.000000
1394971200 10.000000
1394974800 11.000000
1394978400 13.000000
1394982000 14.000000
1394985600 16.000000
1394989200 17.000000
1394992800 19.000000
1394996400 21.000000
1395000000 23.000000
1395003600 25.000000
1395007200 24.000000
1395010800 24.000000
1395014400 23.000000
1395018000 22.000000
1395021600 20.000000
1395025200 19.000000
1395028800 20.000000
1395032400 22.000000
1395036000 23.000000
1395039600 21.000000
1395043200 20.000000
1395046800 18.000000
1395050400 20.000000
1395054000 23.000000
1395057600 25.000000
1395061200 26.000000
1395064800 27.000000
1395068400 28.000000
1395072000 29.000000
1395075600 31.000000
1395079200 32.000000
1395082800 33.000000
1395086400 33.000000
1395090000 34.000000
1395093600 33.000000
1395097200 33.000000
1395100800 32.000000
1395104400 33.000000
1395108000 35.000000
1395111600 36.000000
1395115200 35.000000
1395118800 35.000000
1395122400 34.000000
1395126000 33.000000
1395129600 31.000000
1395133200 30.000000
1395136800 31.000000
1395140400 33.000000
1395144000 34.000000
1395147600 35.000000
1395151200 36.000000
1395154800 37.000000
1395158400 35.000000
1395162000 34.000000
1395165600 32.000000
1395169200 36.000000
1395172800 39.000000
1395176400 43.000000
1395180000 40.000000
1395183600 37.000000
1395187200 34.000000
1395190800 35.000000
1395194400 35.000000
1395198000 36.000000
1395201600 37.000000
1395205200 38.000000
1395208800 39.000000
1395212400 36.000000
1395216000 33.000000
1395219600 30.000000
1395223200 31.000000
1395226800 33.000000
1395230400 34.000000
1395234000 32.000000
1395237600 29.000000
1395241200 27.000000
1395244800 27.000000
1395248400 28.000000
1395252000 28.000000
1395255600 29.000000
1395259200 31.000000
1395262800 32.000000
1395266400 32.000000
1395270000 32.000000
1395273600 32.000000
1395277200 33.000000
1395280800 35.000000
1395284400 36.000000
1395288000 33.000000
1395291600 31.000000
1395295200 28.000000
1395298800 28.000000
1395302400 28.000000
1395306000 28.000000
1395309600 26.000000
1395313200 25.000000
1395316800 23.000000
1395320400 27.000000
1395324000 32.000000
1395327600 36.000000
1395331200 36.000000
1395334800 36.000000
1395338400 36.000000
1395342000 41.000000
1395345600 45.000000
1395349200 50.000000
1395352800 45.000000
1395356400 39.000000
1395360000 34.000000
1395363600 36.000000
1395367200 37.000000
1395370800 39.000000
1395374400 34.000000
1395378000 30.000000
1395381600 25.000000
1395385200 30.000000
1395388800 36.000000
1395392400 41.000000
1395396000 34.000000
1395399600 28.000000
1395403200 21.000000
1395406800 25.000000
1395410400 30.000000
1395414000 34.000000
1395417600 36.000000
1395421200 37.000000
1395424800 39.000000
1395428400 40.000000
1395432000 42.000000
1395435600 43.000000
1395439200 41.000000
1395442800 38.000000
1395446400 36.000000
1395450000 40.000000
1395453600 44.000000
1395457200 48.000000
1395460800 46.000000
1395464400 45.000000
1395468000 43.000000
1395471600 42.000000
1395475200 40.000000
1395478800 39.000000
1395482400 39.000000
1395486000 39.000000
1395489600 39.000000
1395493200 43.000000
1395496800 46.000000
1395500400 50.000000
1395504000 53.000000
1395507600 56.000000
1395511200 59.000000
1395514800 57.000000
1395518400 56.000000
1395522000 54.000000
1395525600 53.000000
1395529200 53.000000
1395532800 52.000000
1395536400 51.000000
1395540000 51.000000
1395543600 50.000000
1395547200 48.000000
1395550800 45.000000
1395554400 43.000000
1395558000 38.000000
1395561600 32.000000
1395565200 27.000000
1395568800 26.000000
1395572400 26.000000
1395576000 25.000000
1395579600 26.000000
1395583200 27.000000
1395586800 28.000000
1395590400 34.000000
1395594000 40.000000
1395597600 46.000000
1395601200 47.000000
1395604800 49.000000
1395608400 50.000000
1395612000 49.000000
1395615600 49.000000
1395619200 48.000000
1395622800 48.000000
1395626400 48.000000
1395630000 48.000000
1395633600 46.000000
1395637200 45.000000
1395640800 43.000000
1395644400 36.000000
1395648000 28.000000
1395651600 21.000000
1395655200 20.000000
1395658800 19.000000
1395662400 18.000000
1395666000 20.000000
1395669600 21.000000
1395673200 23.000000
1395676800 25.000000
1395680400 28.000000
1395684000 30.000000
1395687600 35.000000
1395691200 40.000000
1395694800 45.000000
1395698400 44.000000
1395702000 44.000000
1395705600 43.000000
1395709200 42.000000
1395712800 40.000000
1395716400 39.000000
1395720000 34.000000
1395723600 30.000000
