1388206800 29.000000
1388210400 28.000000
1388214000 28.000000
1388217600 27.000000
1388221200 27.000000
1388224800 24.000000
1388228400 21.000000
1388232000 18.000000
1388235600 18.000000
1388239200 19.000000
1388242800 19.000000
1388246400 24.000000
1388250000 29.000000
1388253600 34.000000
1388257200 33.000000
1388260800 33.000000
1388264400 32.000000
1388268000 31.000000
1388271600 31.000000
1388275200 30.000000
1388278800 27.000000
1388282400 24.000000
1388286000 21.000000
1388289600 17.000000
1388293200 14.000000
1388296800 10.000000
1388300400 9.000000
1388304000 8.000000
1388307600 7.000000
1388311200 6.000000
1388314800 6.000000
1388318400 5.000000
1388322000 4.000000
1388325600 2.000000
1388329200 1.000000
1388332800 0.000000
1388336400 -1.000000
1388340000 -3.000000
1388343600 -2.000000
1388347200 -2.000000
1388350800 -1.000000
1388354400 -2.000000
1388358000 -4.000000
1388361600 -5.000000
1388365200 -6.000000
1388368800 -7.000000
1388372400 -8.000000
1388376000 -9.000000
1388379600 -11.000000
1388383200 -12.000000
1388386800 -12.000000
1388390400 -12.000000
1388394000 -12.000000
1388397600 -13.000000
1388401200 -13.000000
1388404800 -14.000000
1388408400 -12.000000
1388412000 -9.000000
1388415600 -7.000000
1388419200 -5.000000
1388422800 -3.000000
1388426400 -1.000000
1388430000 0.000000
1388433600 1.000000
1388437200 3.000000
1388440800 3.000000
1388444400 3.000000
1388448000 3.000000
1388451600 1.000000
1388455200 0.000000
1388458800 -1.000000
1388462400 -4.000000
1388466000 -7.000000
1388469600 -10.000000
1388473200 -8.000000
1388476800 -7.000000
1388480400 -5.000000
1388484000 -8.000000
1388487600 -11.000000
1388491200 -14.000000
1388494800 -12.000000
1388498400 -10.000000
1388502000 -8.000000
1388505600 -8.000000
1388509200 -7.000000
1388512800 -7.000000
1388516400 -6.000000
1388520000 -4.000000
1388523600 -3.000000
1388527200 -4.000000
1388530800 -4.000000
1388534400 -5.000000
1388538000 -6.000000
1388541600 -7.000000
1388545200 -8.000000
1388548800 -7.000000
1388552400 -6.000000
1388556000 -5.000000
1388559600 -3.000000
1388563200 -1.000000
1388566800 0.000000
1388570400 0.000000
1388574000 0.000000
1388577600 -1.000000
1388581200 -8.000000
1388584800 -14.000000
1388588400 -21.000000
1388592000 -18.000000
1388595600 -15.000000
1388599200 -12.000000
1388602800 -6.000000
1388606400 0.000000
1388610000 5.000000
1388613600 4.000000
1388617200 2.000000
1388620800 1.000000
1388624400 2.000000
1388628000 2.000000
1388631600 3.000000
1388635200 4.000000
1388638800 4.000000
1388642400 5.000000
1388646000 1.000000
1388649600 -3.000000
1388653200 -7.000000
1388656800 -4.000000
1388660400 -2.000000
1388664000 0.000000
1388667600 0.000000
1388671200 0.000000
1388674800 0.000000
1388678400 1.000000
1388682000 2.000000
1388685600 3.000000
1388689200 5.000000
1388692800 7.000000
1388696400 9.000000
1388700000 8.000000
1388703600 6.000000
1388707200 5.000000
1388710800 5.000000
1388714400 5.000000
1388718000 5.000000
1388721600 4.000000
1388725200 4.000000
1388728800 3.000000
1388732400 1.000000
1388736000 -1.000000
1388739600 -3.000000
1388743200 -2.000000
1388746800 -2.000000
1388750400 -1.000000
1388754000 2.000000
1388757600 5.000000
1388761200 9.000000
1388764800 11.000000
1388768400 14.000000
1388772000 16.000000
1388775600 18.000000
1388779200 19.000000
1388782800 21.000000
1388786400 26.000000
1388790000 32.000000
1388793600 37.000000
1388797200 31.000000
1388800800 24.000000
1388804400 18.000000
1388808000 18.000000
1388811600 18.000000
1388815200 18.000000
1388818800 12.000000
1388822400 7.000000
1388826000 1.000000
1388829600 5.000000
1388833200 10.000000
1388836800 14.000000
1388840400 14.000000
1388844000 14.000000
1388847600 14.000000
1388851200 15.000000
1388854800 15.000000
1388858400 16.000000
1388862000 15.000000
1388865600 13.000000
1388869200 12.000000
1388872800 11.000000
1388876400 10.000000
1388880000 9.000000
1388883600 12.000000
1388887200 15.000000
1388890800 18.000000
1388894400 16.000000
1388898000 14.000000
1388901600 12.000000
1388905200 9.000000
1388908800 6.000000
1388912400 3.000000
1388916000 3.000000
1388919600 3.000000
1388923200 3.000000
1388926800 4.000000
1388930400 6.000000
1388934000 7.000000
1388937600 9.000000
1388941200 10.000000
1388944800 12.000000
1388948400 11.000000
1388952000 11.000000
1388955600 10.000000
1388959200 10.000000
1388962800 10.000000
1388966400 10.000000
1388970000 10.000000
1388973600 9.000000
1388977200 9.000000
1388980800 8.000000
1388984400 8.000000
1388988000 7.000000
1388991600 8.000000
1388995200 8.000000
1388998800 9.000000
1389002400 9.000000
1389006000 9.000000
1389009600 9.000000
1389013200 9.000000
1389016800 10.000000
1389020400 10.000000
1389024000 11.000000
1389027600 11.000000
1389031200 12.000000
1389034800 11.000000
1389038400 10.000000
1389042000 9.000000
1389045600 8.000000
1389049200 8.000000
1389052800 7.000000
1389056400 7.000000
1389060000 7.000000
1389063600 7.000000
1389067200 6.000000
