1388991600 -20.000000
1388995200 -22.000000
1388998800 -23.000000
1389002400 -21.000000
1389006000 -18.000000
1389009600 -16.000000
1389013200 -16.000000
1389016800 -17.000000
1389020400 -17.000000
1389024000 -15.000000
1389027600 -14.000000
1389031200 -12.000000
1389034800 -13.000000
1389038400 -15.000000
1389042000 -16.000000
1389045600 -16.000000
1389049200 -17.000000
1389052800 -17.000000
1389056400 -15.000000
1389060000 -12.000000
1389063600 -10.000000
1389067200 -10.000000
1389070800 -10.000000
1389074400 -10.000000
1389078000 -14.000000
1389081600 -17.000000
1389085200 -21.000000
1389088800 -18.000000
1389092400 -15.000000
1389096000 -12.000000
1389099600 -10.000000
1389103200 -9.000000
1389106800 -7.000000
1389110400 -6.000000
1389114000 -6.000000
1389117600 -5.000000
1389121200 -3.000000
1389124800 -1.000000
1389128400 0.000000
1389132000 0.000000
1389135600 -2.000000
1389139200 -3.000000
1389142800 -4.000000
1389146400 -4.000000
1389150000 -5.000000
1389153600 -5.000000
1389157200 -5.000000
1389160800 -5.000000
1389164400 -6.000000
1389168000 -7.000000
1389171600 -8.000000
1389175200 -9.000000
1389178800 -11.000000
1389182400 -12.000000
1389186000 -11.000000
1389189600 -11.000000
1389193200 -10.000000
1389196800 -7.000000
1389200400 -4.000000
1389204000 -1.000000
1389207600 0.000000
1389211200 0.000000
1389214800 0.000000
1389218400 0.000000
1389222000 1.000000
1389225600 1.000000
1389229200 0.000000
1389232800 -1.000000
1389236400 -3.000000
1389240000 -3.000000
1389243600 -3.000000
1389247200 -3.000000
1389250800 -2.000000
1389254400 0.000000
1389258000 0.000000
1389261600 0.000000
1389265200 0.000000
1389268800 0.000000
1389272400 1.000000
1389276000 2.000000
1389279600 3.000000
1389283200 5.000000
1389286800 8.000000
1389290400 10.000000
1389294000 11.000000
1389297600 13.000000
1389301200 14.000000
1389304800 13.000000
1389308400 13.000000
1389312000 12.000000
1389315600 13.000000
1389319200 13.000000
1389322800 14.000000
1389326400 18.000000
1389330000 21.000000
1389333600 25.000000
1389337200 23.000000
1389340800 20.000000
1389344400 18.000000
1389348000 18.000000
1389351600 18.000000
1389355200 18.000000
1389358800 20.000000
1389362400 21.000000
1389366000 23.000000
1389369600 24.000000
1389373200 26.000000
1389376800 27.000000
1389380400 29.000000
1389384000 30.000000
1389387600 32.000000
1389391200 30.000000
1389394800 27.000000
1389398400 25.000000
1389402000 26.000000
1389405600 26.000000
1389409200 27.000000
1389412800 26.000000
1389416400 26.000000
1389420000 25.000000
1389423600 21.000000
1389427200 18.000000
1389430800 14.000000
1389434400 15.000000
1389438000 17.000000
1389441600 18.000000
1389445200 21.000000
1389448800 24.000000
1389452400 27.000000
1389456000 29.000000
1389459600 30.000000
1389463200 32.000000
1389466800 33.000000
1389470400 33.000000
1389474000 34.000000
1389477600 33.000000
1389481200 31.000000
1389484800 30.000000
1389488400 30.000000
1389492000 30.000000
1389495600 30.000000
1389499200 30.000000
1389502800 30.000000
1389506400 30.000000
1389510000 26.000000
1389513600 23.000000
1389517200 19.000000
1389520800 19.000000
1389524400 19.000000
1389528000 19.000000
1389531600 22.000000
1389535200 25.000000
1389538800 28.000000
1389542400 29.000000
1389546000 31.000000
1389549600 32.000000
1389553200 32.000000
1389556800 32.000000
1389560400 32.000000
1389564000 29.000000
1389567600 26.000000
1389571200 23.000000
1389574800 24.000000
1389578400 26.000000
1389582000 27.000000
1389585600 27.000000
1389589200 28.000000
1389592800 28.000000
1389596400 26.000000
1389600000 25.000000
1389603600 23.000000
1389607200 22.000000
1389610800 22.000000
1389614400 21.000000
1389618000 22.000000
1389621600 24.000000
1389625200 25.000000
1389628800 26.000000
1389632400 26.000000
1389636000 27.000000
1389639600 28.000000
1389643200 29.000000
1389646800 30.000000
1389650400 28.000000
1389654000 27.000000
1389657600 25.000000
1389661200 26.000000
1389664800 26.000000
1389668400 27.000000
1389672000 25.000000
1389675600 23.000000
1389679200 21.000000
1389682800 21.000000
1389686400 21.000000
1389690000 21.000000
1389693600 21.000000
1389697200 21.000000
1389700800 21.000000
1389704400 22.000000
1389708000 22.000000
1389711600 23.000000
1389715200 24.000000
1389718800 26.000000
1389722400 27.000000
1389726000 26.000000
1389729600 24.000000
1389733200 23.000000
1389736800 22.000000
1389740400 22.000000
1389744000 21.000000
1389747600 20.000000
1389751200 20.000000
1389754800 19.000000
1389758400 19.000000
1389762000 19.000000
1389765600 19.000000
1389769200 19.000000
1389772800 19.000000
1389776400 19.000000
1389780000 19.000000
1389783600 18.000000
1389787200 18.000000
1389790800 19.000000
1389794400 20.000000
1389798000 21.000000
1389801600 22.000000
1389805200 24.000000
1389808800 25.000000
1389812400 24.000000
1389816000 22.000000
1389819600 21.000000
1389823200 20.000000
1389826800 20.000000
1389830400 19.000000
1389834000 19.000000
1389837600 18.000000
1389841200 18.000000
1389844800 17.000000
1389848400 17.000000
1389852000 16.000000
