1391842800 0.000000
1391846400 0.000000
1391850000 1.000000
1391853600 -1.000000
1391857200 -4.000000
1391860800 -7.000000
1391864400 -4.000000
1391868000 -2.000000
1391871600 0.000000
1391875200 3.000000
1391878800 6.000000
1391882400 9.000000
1391886000 11.000000
1391889600 14.000000
1391893200 16.000000
1391896800 15.000000
1391900400 13.000000
1391904000 12.000000
1391907600 11.000000
1391911200 10.000000
1391914800 9.000000
1391918400 7.000000
1391922000 5.000000
1391925600 3.000000
1391929200 1.000000
1391932800 0.000000
1391936400 -1.000000
1391940000 -2.000000
1391943600 -2.000000
1391947200 -3.000000
1391950800 -2.000000
1391954400 -2.000000
1391958000 -1.000000
1391961600 1.000000
1391965200 4.000000
1391968800 7.000000
1391972400 8.000000
1391976000 8.000000
1391979600 9.000000
1391983200 7.000000
1391986800 5.000000
1391990400 3.000000
1391994000 1.000000
1391997600 -1.000000
1392001200 -3.000000
1392004800 -5.000000
1392008400 -6.000000
1392012000 -8.000000
1392015600 -9.000000
1392019200 -11.000000
1392022800 -12.000000
1392026400 -12.000000
1392030000 -12.000000
1392033600 -12.000000
1392037200 -11.000000
1392040800 -11.000000
1392044400 -10.000000
1392048000 -7.000000
1392051600 -4.000000
1392055200 -1.000000
1392058800 0.000000
1392062400 1.000000
1392066000 3.000000
1392069600 1.000000
1392073200 0.000000
1392076800 -1.000000
1392080400 -3.000000
1392084000 -6.000000
1392087600 -8.000000
1392091200 -9.000000
1392094800 -9.000000
1392098400 -10.000000
1392102000 -10.000000
1392105600 -10.000000
1392109200 -10.000000
1392112800 -10.000000
1392116400 -10.000000
1392120000 -10.000000
1392123600 -9.000000
1392127200 -9.000000
1392130800 -8.000000
1392134400 -3.000000
1392138000 2.000000
1392141600 7.000000
1392145200 12.000000
1392148800 18.000000
1392152400 23.000000
1392156000 18.000000
1392159600 14.000000
1392163200 9.000000
1392166800 11.000000
1392170400 14.000000
1392174000 16.000000
1392177600 13.000000
1392181200 10.000000
1392184800 7.000000
1392188400 8.000000
1392192000 9.000000
1392195600 10.000000
1392199200 11.000000
1392202800 13.000000
1392206400 14.000000
1392210000 14.000000
1392213600 14.000000
1392217200 14.000000
1392220800 17.000000
1392224400 20.000000
1392228000 23.000000
1392231600 28.000000
1392235200 34.000000
1392238800 39.000000
1392242400 35.000000
1392246000 32.000000
1392249600 28.000000
1392253200 28.000000
1392256800 28.000000
1392260400 28.000000
1392264000 28.000000
1392267600 28.000000
1392271200 28.000000
1392274800 27.000000
1392278400 26.000000
1392282000 25.000000
1392285600 24.000000
1392289200 22.000000
1392292800 21.000000
1392296400 19.000000
1392300000 18.000000
1392303600 16.000000
1392307200 17.000000
1392310800 18.000000
1392314400 19.000000
1392318000 19.000000
1392321600 18.000000
1392325200 18.000000
1392328800 17.000000
1392332400 17.000000
1392336000 16.000000
1392339600 15.000000
1392343200 13.000000
1392346800 12.000000
1392350400 14.000000
1392354000 16.000000
1392357600 18.000000
1392361200 8.000000
1392364800 0.000000
1392368400 -10.000000
1392372000 -1.000000
1392375600 7.000000
1392379200 16.000000
1392382800 13.000000
1392386400 10.000000
1392390000 7.000000
1392393600 11.000000
1392397200 14.000000
1392400800 18.000000
1392404400 18.000000
1392408000 18.000000
1392411600 18.000000
1392415200 18.000000
1392418800 19.000000
1392422400 19.000000
1392426000 17.000000
1392429600 14.000000
1392433200 12.000000
1392436800 11.000000
1392440400 11.000000
1392444000 10.000000
1392447600 18.000000
1392451200 26.000000
1392454800 34.000000
1392458400 26.000000
1392462000 17.000000
1392465600 9.000000
1392469200 8.000000
1392472800 6.000000
1392476400 5.000000
1392480000 9.000000
1392483600 14.000000
1392487200 18.000000
1392490800 16.000000
1392494400 14.000000
1392498000 12.000000
1392501600 9.000000
1392505200 6.000000
1392508800 3.000000
1392512400 2.000000
1392516000 2.000000
1392519600 1.000000
1392523200 1.000000
1392526800 1.000000
1392530400 1.000000
1392534000 1.000000
1392537600 1.000000
1392541200 1.000000
1392544800 1.000000
1392548400 0.000000
1392552000 0.000000
1392555600 2.000000
1392559200 5.000000
1392562800 7.000000
1392566400 9.000000
1392570000 10.000000
1392573600 12.000000
1392577200 11.000000
1392580800 11.000000
1392584400 10.000000
1392588000 10.000000
1392591600 10.000000
1392595200 10.000000
1392598800 10.000000
1392602400 10.000000
1392606000 10.000000
1392609600 11.000000
1392613200 11.000000
1392616800 12.000000
1392620400 12.000000
1392624000 12.000000
1392627600 12.000000
1392631200 12.000000
1392634800 12.000000
1392638400 12.000000
1392642000 12.000000
1392645600 12.000000
1392649200 12.000000
1392652800 15.000000
1392656400 18.000000
1392660000 21.000000
1392663600 20.000000
1392667200 20.000000
1392670800 19.000000
1392674400 19.000000
1392678000 18.000000
1392681600 18.000000
1392685200 18.000000
1392688800 18.000000
1392692400 18.000000
1392696000 18.000000
1392699600 18.000000
1392703200 18.000000
