1392908400 34.000000
1392912000 34.000000
1392915600 34.000000
1392919200 34.000000
1392922800 34.000000
1392926400 34.000000
1392930000 34.000000
1392933600 33.000000
1392937200 33.000000
1392940800 32.000000
1392944400 34.000000
1392948000 35.000000
1392951600 37.000000
1392955200 31.000000
1392958800 25.000000
1392962400 19.000000
1392966000 17.000000
1392969600 16.000000
1392973200 14.000000
1392976800 11.000000
1392980400 8.000000
1392984000 5.000000
1392987600 7.000000
1392991200 10.000000
1392994800 12.000000
1392998400 13.000000
1393002000 15.000000
1393005600 16.000000
1393009200 16.000000
1393012800 16.000000
1393016400 16.000000
1393020000 15.000000
1393023600 13.000000
1393027200 12.000000
1393030800 11.000000
1393034400 11.000000
1393038000 10.000000
1393041600 9.000000
1393045200 8.000000
1393048800 7.000000
1393052400 5.000000
1393056000 3.000000
1393059600 1.000000
1393063200 0.000000
1393066800 0.000000
1393070400 -1.000000
1393074000 0.000000
1393077600 3.000000
1393081200 5.000000
1393084800 7.000000
1393088400 10.000000
1393092000 12.000000
1393095600 13.000000
1393099200 13.000000
1393102800 14.000000
1393106400 13.000000
1393110000 11.000000
1393113600 10.000000
1393117200 7.000000
1393120800 4.000000
1393124400 1.000000
1393128000 3.000000
1393131600 5.000000
1393135200 7.000000
1393138800 4.000000
1393142400 1.000000
1393146000 -1.000000
1393149600 0.000000
1393153200 0.000000
1393156800 0.000000
1393160400 1.000000
1393164000 2.000000
1393167600 3.000000
1393171200 7.000000
1393174800 10.000000
1393178400 14.000000
1393182000 15.000000
1393185600 15.000000
1393189200 16.000000
1393192800 14.000000
1393196400 12.000000
1393200000 10.000000
1393203600 9.000000
1393207200 8.000000
1393210800 7.000000
1393214400 6.000000
1393218000 4.000000
1393221600 3.000000
1393225200 0.000000
1393228800 -3.000000
1393232400 -7.000000
1393236000 -5.000000
1393239600 -3.000000
1393243200 -1.000000
1393246800 0.000000
1393250400 3.000000
1393254000 5.000000
1393257600 7.000000
1393261200 8.000000
1393264800 10.000000
1393268400 11.000000
1393272000 13.000000
1393275600 14.000000
1393279200 12.000000
1393282800 11.000000
1393286400 9.000000
1393290000 8.000000
1393293600 8.000000
1393297200 7.000000
1393300800 5.000000
1393304400 3.000000
1393308000 1.000000
1393311600 0.000000
1393315200 -1.000000
1393318800 -3.000000
1393322400 -3.000000
1393326000 -3.000000
1393329600 -3.000000
1393333200 -2.000000
1393336800 -2.000000
1393340400 -1.000000
1393344000 2.000000
1393347600 6.000000
1393351200 10.000000
1393354800 10.000000
1393358400 10.000000
1393362000 10.000000
1393365600 10.000000
1393369200 9.000000
1393372800 9.000000
1393376400 6.000000
1393380000 4.000000
1393383600 1.000000
1393387200 0.000000
1393390800 0.000000
1393394400 -1.000000
1393398000 -2.000000
1393401600 -2.000000
1393405200 -3.000000
1393408800 -3.000000
1393412400 -3.000000
1393416000 -3.000000
1393419600 -3.000000
1393423200 -3.000000
1393426800 -3.000000
1393430400 0.000000
1393434000 3.000000
1393437600 7.000000
1393441200 5.000000
1393444800 3.000000
1393448400 1.000000
1393452000 4.000000
1393455600 6.000000
1393459200 9.000000
1393462800 5.000000
1393466400 2.000000
1393470000 -1.000000
1393473600 -5.000000
1393477200 -10.000000
1393480800 -14.000000
1393484400 -13.000000
1393488000 -13.000000
1393491600 -12.000000
1393495200 -14.000000
1393498800 -15.000000
1393502400 -17.000000
1393506000 -14.000000
1393509600 -11.000000
1393513200 -8.000000
1393516800 -6.000000
1393520400 -5.000000
1393524000 -3.000000
1393527600 -2.000000
1393531200 0.000000
1393534800 0.000000
1393538400 -2.000000
1393542000 -5.000000
1393545600 -8.000000
1393549200 -8.000000
1393552800 -7.000000
1393556400 -7.000000
1393560000 -9.000000
1393563600 -10.000000
1393567200 -12.000000
1393570800 -13.000000
1393574400 -13.000000
1393578000 -14.000000
1393581600 -15.000000
1393585200 -15.000000
1393588800 -16.000000
1393592400 -14.000000
1393596000 -12.000000
1393599600 -10.000000
1393603200 -8.000000
1393606800 -5.000000
1393610400 -3.000000
1393614000 -2.000000
1393617600 0.000000
1393621200 0.000000
1393624800 -2.000000
1393628400 -5.000000
1393632000 -8.000000
1393635600 -9.000000
1393639200 -9.000000
1393642800 -10.000000
1393646400 -11.000000
1393650000 -13.000000
1393653600 -14.000000
1393657200 -14.000000
1393660800 -14.000000
1393664400 -14.000000
1393668000 -15.000000
1393671600 -15.000000
1393675200 -16.000000
1393678800 -13.000000
1393682400 -11.000000
1393686000 -8.000000
1393689600 -6.000000
1393693200 -3.000000
1393696800 -1.000000
1393700400 -1.000000
1393704000 -1.000000
1393707600 -1.000000
1393711200 -1.000000
1393714800 -1.000000
1393718400 -1.000000
1393722000 -2.000000
1393725600 -2.000000
1393729200 -3.000000
1393732800 -4.000000
1393736400 -4.000000
1393740000 -5.000000
1393743600 -4.000000
1393747200 -4.000000
1393750800 -3.000000
1393754400 -3.000000
1393758000 -3.000000
1393761600 -3.000000
1393765200 -1.000000
1393768800 1.000000
