1390363200 5.000000
1390366800 7.000000
1390370400 9.000000
1390374000 6.000000
1390377600 4.000000
1390381200 1.000000
1390384800 4.000000
1390388400 7.000000
1390392000 10.000000
1390395600 10.000000
1390399200 9.000000
1390402800 9.000000
1390406400 6.000000
1390410000 4.000000
1390413600 1.000000
1390417200 2.000000
1390420800 4.000000
1390424400 5.000000
1390428000 4.000000
1390431600 4.000000
1390435200 3.000000
1390438800 2.000000
1390442400 1.000000
1390446000 0.000000
1390449600 0.000000
1390453200 -2.000000
1390456800 -3.000000
1390460400 -4.000000
1390464000 -6.000000
1390467600 -7.000000
1390471200 -6.000000
1390474800 -6.000000
1390478400 -5.000000
1390482000 -7.000000
1390485600 -10.000000
1390489200 -12.000000
1390492800 -10.000000
1390496400 -7.000000
1390500000 -5.000000
1390503600 -4.000000
1390507200 -2.000000
1390510800 -1.000000
1390514400 -3.000000
1390518000 -5.000000
1390521600 -7.000000
1390525200 -2.000000
1390528800 2.000000
1390532400 7.000000
1390536000 8.000000
1390539600 9.000000
1390543200 10.000000
1390546800 8.000000
1390550400 7.000000
1390554000 5.000000
1390557600 10.000000
1390561200 16.000000
1390564800 21.000000
1390568400 22.000000
1390572000 22.000000
1390575600 23.000000
1390579200 27.000000
1390582800 30.000000
1390586400 34.000000
1390590000 32.000000
1390593600 30.000000
1390597200 28.000000
1390600800 31.000000
1390604400 33.000000
1390608000 36.000000
1390611600 33.000000
1390615200 31.000000
1390618800 28.000000
1390622400 32.000000
1390626000 35.000000
1390629600 39.000000
1390633200 32.000000
1390636800 25.000000
1390640400 18.000000
1390644000 18.000000
1390647600 18.000000
1390651200 18.000000
1390654800 16.000000
1390658400 14.000000
1390662000 12.000000
1390665600 13.000000
1390669200 13.000000
1390672800 14.000000
1390676400 14.000000
1390680000 14.000000
1390683600 14.000000
1390687200 13.000000
1390690800 11.000000
1390694400 10.000000
1390698000 10.000000
1390701600 9.000000
1390705200 9.000000
1390708800 8.000000
1390712400 6.000000
1390716000 5.000000
1390719600 3.000000
1390723200 2.000000
1390726800 0.000000
1390730400 2.000000
1390734000 5.000000
1390737600 7.000000
1390741200 6.000000
1390744800 6.000000
1390748400 5.000000
1390752000 6.000000
1390755600 8.000000
1390759200 9.000000
1390762800 9.000000
1390766400 9.000000
1390770000 9.000000
1390773600 8.000000
1390777200 8.000000
1390780800 7.000000
1390784400 6.000000
1390788000 6.000000
1390791600 5.000000
1390795200 4.000000
1390798800 4.000000
1390802400 3.000000
1390806000 0.000000
1390809600 -2.000000
1390813200 -5.000000
1390816800 -3.000000
1390820400 0.000000
1390824000 1.000000
1390827600 -1.000000
1390831200 -4.000000
1390834800 -7.000000
1390838400 -4.000000
1390842000 -1.000000
1390845600 1.000000
1390849200 2.000000
1390852800 2.000000
1390856400 3.000000
1390860000 2.000000
1390863600 2.000000
1390867200 1.000000
1390870800 0.000000
1390874400 -3.000000
1390878000 -5.000000
1390881600 -6.000000
1390885200 -7.000000
1390888800 -8.000000
1390892400 -9.000000
1390896000 -9.000000
1390899600 -10.000000
1390903200 -11.000000
1390906800 -11.000000
1390910400 -12.000000
1390914000 -10.000000
1390917600 -9.000000
1390921200 -7.000000
1390924800 -5.000000
1390928400 -3.000000
1390932000 -1.000000
1390935600 0.000000
1390939200 3.000000
1390942800 5.000000
1390946400 2.000000
1390950000 0.000000
1390953600 -3.000000
1390957200 -3.000000
1390960800 -3.000000
1390964400 -3.000000
1390968000 -3.000000
1390971600 -3.000000
1390975200 -3.000000
1390978800 -3.000000
1390982400 -3.000000
1390986000 -3.000000
1390989600 -2.000000
1390993200 -2.000000
1390996800 -1.000000
1391000400 0.000000
1391004000 0.000000
1391007600 1.000000
1391011200 5.000000
1391014800 8.000000
1391018400 12.000000
1391022000 14.000000
1391025600 16.000000
1391029200 18.000000
1391032800 14.000000
1391036400 11.000000
1391040000 7.000000
1391043600 11.000000
1391047200 14.000000
1391050800 18.000000
1391054400 15.000000
1391058000 13.000000
1391061600 10.000000
1391065200 8.000000
1391068800 7.000000
1391072400 5.000000
1391076000 6.000000
1391079600 6.000000
1391083200 7.000000
1391086800 8.000000
1391090400 9.000000
1391094000 10.000000
1391097600 11.000000
1391101200 13.000000
1391104800 14.000000
1391108400 13.000000
1391112000 13.000000
1391115600 12.000000
1391119200 11.000000
1391122800 11.000000
1391126400 10.000000
1391130000 10.000000
1391133600 9.000000
1391137200 9.000000
1391140800 8.000000
1391144400 8.000000
1391148000 7.000000
1391151600 7.000000
1391155200 7.000000
1391158800 7.000000
1391162400 7.000000
1391166000 7.000000
1391169600 7.000000
1391173200 8.000000
1391176800 9.000000
1391180400 10.000000
1391184000 11.000000
1391187600 13.000000
1391191200 14.000000
1391194800 14.000000
1391198400 14.000000
1391202000 14.000000
1391205600 13.000000
1391209200 13.000000
1391212800 12.000000
1391216400 11.000000
1391220000 11.000000
1391223600 10.000000
