1390795200 -3.000000
1390798800 -5.000000
1390802400 -7.000000
1390806000 -9.000000
1390809600 -10.000000
1390813200 -12.000000
1390816800 -11.000000
1390820400 -9.000000
1390824000 -8.000000
1390827600 -10.000000
1390831200 -12.000000
1390834800 -14.000000
1390838400 -13.000000
1390842000 -11.000000
1390845600 -10.000000
1390849200 -9.000000
1390852800 -8.000000
1390856400 -7.000000
1390860000 -8.000000
1390863600 -9.000000
1390867200 -10.000000
1390870800 -13.000000
1390874400 -16.000000
1390878000 -19.000000
1390881600 -17.000000
1390885200 -14.000000
1390888800 -12.000000
1390892400 -16.000000
1390896000 -19.000000
1390899600 -23.000000
1390903200 -19.000000
1390906800 -14.000000
1390910400 -10.000000
1390914000 -11.000000
1390917600 -11.000000
1390921200 -12.000000
1390924800 -10.000000
1390928400 -9.000000
1390932000 -7.000000
1390935600 -6.000000
1390939200 -4.000000
1390942800 -3.000000
1390946400 -4.000000
1390950000 -4.000000
1390953600 -5.000000
1390957200 -3.000000
1390960800 0.000000
1390964400 1.000000
1390968000 1.000000
1390971600 1.000000
1390975200 1.000000
1390978800 -2.000000
1390982400 -6.000000
1390986000 -10.000000
1390989600 -8.000000
1390993200 -5.000000
1390996800 -3.000000
1391000400 -1.000000
1391004000 0.000000
1391007600 1.000000
1391011200 5.000000
1391014800 10.000000
1391018400 14.000000
1391022000 18.000000
1391025600 21.000000
1391029200 25.000000
1391032800 26.000000
1391036400 26.000000
1391040000 27.000000
1391043600 26.000000
1391047200 26.000000
1391050800 25.000000
1391054400 24.000000
1391058000 22.000000
1391061600 21.000000
1391065200 13.000000
1391068800 4.000000
1391072400 -3.000000
1391076000 2.000000
1391079600 8.000000
1391083200 14.000000
1391086800 12.000000
1391090400 11.000000
1391094000 9.000000
1391097600 8.000000
1391101200 6.000000
1391104800 5.000000
1391108400 6.000000
1391112000 6.000000
1391115600 7.000000
1391119200 7.000000
1391122800 7.000000
1391126400 7.000000
1391130000 5.000000
1391133600 2.000000
1391137200 0.000000
1391140800 0.000000
1391144400 0.000000
1391148000 -1.000000
1391151600 -3.000000
1391155200 -5.000000
1391158800 -7.000000
1391162400 -6.000000
1391166000 -6.000000
1391169600 -5.000000
1391173200 -4.000000
1391176800 -2.000000
1391180400 -1.000000
1391184000 0.000000
1391187600 0.000000
1391191200 0.000000
1391194800 3.000000
1391198400 6.000000
1391202000 9.000000
1391205600 8.000000
1391209200 6.000000
1391212800 5.000000
1391216400 6.000000
1391220000 8.000000
1391223600 9.000000
1391227200 9.000000
1391230800 9.000000
1391234400 9.000000
1391238000 9.000000
1391241600 10.000000
1391245200 10.000000
1391248800 7.000000
1391252400 3.000000
1391256000 0.000000
1391259600 0.000000
1391263200 1.000000
1391266800 1.000000
1391270400 5.000000
1391274000 8.000000
1391277600 12.000000
1391281200 13.000000
1391284800 15.000000
1391288400 16.000000
1391292000 12.000000
1391295600 9.000000
1391299200 5.000000
1391302800 4.000000
1391306400 4.000000
1391310000 3.000000
1391313600 4.000000
1391317200 4.000000
1391320800 5.000000
1391324400 3.000000
1391328000 0.000000
1391331600 -1.000000
1391335200 0.000000
1391338800 0.000000
1391342400 0.000000
1391346000 1.000000
1391349600 2.000000
1391353200 3.000000
1391356800 9.000000
1391360400 15.000000
1391364000 21.000000
1391367600 19.000000
1391371200 16.000000
1391374800 14.000000
1391378400 15.000000
1391382000 17.000000
1391385600 18.000000
1391389200 11.000000
1391392800 5.000000
1391396400 -1.000000
1391400000 -2.000000
1391403600 -2.000000
1391407200 -3.000000
1391410800 -2.000000
1391414400 0.000000
1391418000 0.000000
1391421600 -1.000000
1391425200 -3.000000
1391428800 -5.000000
1391432400 -1.000000
1391436000 1.000000
1391439600 5.000000
1391443200 6.000000
1391446800 8.000000
1391450400 9.000000
1391454000 10.000000
1391457600 11.000000
1391461200 12.000000
1391464800 13.000000
1391468400 13.000000
1391472000 14.000000
1391475600 13.000000
1391479200 11.000000
1391482800 10.000000
1391486400 7.000000
1391490000 3.000000
1391493600 0.000000
1391497200 0.000000
1391500800 0.000000
1391504400 0.000000
1391508000 0.000000
1391511600 0.000000
1391515200 0.000000
1391518800 0.000000
1391522400 1.000000
1391526000 1.000000
1391529600 2.000000
1391533200 4.000000
1391536800 5.000000
1391540400 4.000000
1391544000 4.000000
1391547600 3.000000
1391551200 2.000000
1391554800 2.000000
1391558400 1.000000
1391562000 1.000000
1391565600 0.000000
1391569200 0.000000
1391572800 0.000000
1391576400 0.000000
1391580000 -1.000000
1391583600 -2.000000
1391587200 -2.000000
1391590800 -3.000000
1391594400 -3.000000
1391598000 -3.000000
1391601600 -3.000000
1391605200 -2.000000
1391608800 0.000000
1391612400 0.000000
1391616000 1.000000
1391619600 2.000000
1391623200 3.000000
1391626800 3.000000
1391630400 3.000000
1391634000 3.000000
1391637600 2.000000
1391641200 2.000000
1391644800 1.000000
1391648400 1.000000
1391652000 0.000000
1391655600 0.000000
