1388948400 -8.000000
1388952000 -9.000000
1388955600 -10.000000
1388959200 -12.000000
1388962800 -14.000000
1388966400 -16.000000
1388970000 -18.000000
1388973600 -19.000000
1388977200 -21.000000
1388980800 -22.000000
1388984400 -22.000000
1388988000 -23.000000
1388991600 -21.000000
1388995200 -19.000000
1388998800 -17.000000
1389002400 -16.000000
1389006000 -15.000000
1389009600 -14.000000
1389013200 -15.000000
1389016800 -15.000000
1389020400 -16.000000
1389024000 -17.000000
1389027600 -18.000000
1389031200 -19.000000
1389034800 -18.000000
1389038400 -17.000000
1389042000 -16.000000
1389045600 -16.000000
1389049200 -16.000000
1389052800 -16.000000
1389056400 -15.000000
1389060000 -15.000000
1389063600 -14.000000
1389067200 -16.000000
1389070800 -17.000000
1389074400 -19.000000
1389078000 -17.000000
1389081600 -14.000000
1389085200 -12.000000
1389088800 -13.000000
1389092400 -13.000000
1389096000 -14.000000
1389099600 -13.000000
1389103200 -13.000000
1389106800 -12.000000
1389110400 -10.000000
1389114000 -7.000000
1389117600 -5.000000
1389121200 -4.000000
1389124800 -2.000000
1389128400 -1.000000
1389132000 0.000000
1389135600 0.000000
1389139200 0.000000
1389142800 -1.000000
1389146400 -3.000000
1389150000 -5.000000
1389153600 -7.000000
1389157200 -10.000000
1389160800 -12.000000
1389164400 -11.000000
1389168000 -11.000000
1389171600 -10.000000
1389175200 -11.000000
1389178800 -13.000000
1389182400 -14.000000
1389186000 -12.000000
1389189600 -10.000000
1389193200 -8.000000
1389196800 -6.000000
1389200400 -5.000000
1389204000 -3.000000
1389207600 -1.000000
1389211200 0.000000
1389214800 1.000000
1389218400 -1.000000
1389222000 -4.000000
1389225600 -7.000000
1389229200 -4.000000
1389232800 -2.000000
1389236400 0.000000
1389240000 0.000000
1389243600 1.000000
1389247200 1.000000
1389250800 1.000000
1389254400 1.000000
1389258000 1.000000
1389261600 2.000000
1389265200 2.000000
1389268800 3.000000
1389272400 4.000000
1389276000 6.000000
1389279600 7.000000
1389283200 9.000000
1389286800 12.000000
1389290400 14.000000
1389294000 15.000000
1389297600 17.000000
1389301200 18.000000
1389304800 17.000000
1389308400 15.000000
1389312000 14.000000
1389315600 13.000000
1389319200 11.000000
1389322800 10.000000
1389326400 13.000000
1389330000 16.000000
1389333600 19.000000
1389337200 20.000000
1389340800 20.000000
1389344400 21.000000
1389348000 22.000000
1389351600 22.000000
1389355200 23.000000
1389358800 22.000000
1389362400 22.000000
1389366000 21.000000
1389369600 24.000000
1389373200 27.000000
1389376800 30.000000
1389380400 30.000000
1389384000 30.000000
1389387600 30.000000
1389391200 27.000000
1389394800 24.000000
1389398400 21.000000
1389402000 20.000000
1389405600 20.000000
1389409200 19.000000
1389412800 19.000000
1389416400 19.000000
1389420000 19.000000
1389423600 19.000000
1389427200 18.000000
1389430800 18.000000
1389434400 18.000000
1389438000 18.000000
1389441600 18.000000
1389445200 18.000000
1389448800 18.000000
1389452400 18.000000
1389456000 19.000000
1389459600 20.000000
1389463200 21.000000
1389466800 22.000000
1389470400 24.000000
1389474000 25.000000
1389477600 27.000000
1389481200 28.000000
1389484800 30.000000
1389488400 26.000000
1389492000 22.000000
1389495600 18.000000
1389499200 17.000000
1389502800 15.000000
1389506400 14.000000
1389510000 16.000000
1389513600 17.000000
1389517200 19.000000
1389520800 19.000000
1389524400 19.000000
1389528000 19.000000
1389531600 20.000000
1389535200 20.000000
1389538800 21.000000
1389542400 25.000000
1389546000 28.000000
1389549600 32.000000
1389553200 31.000000
1389556800 29.000000
1389560400 28.000000
1389564000 28.000000
1389567600 27.000000
1389571200 27.000000
1389574800 26.000000
1389578400 24.000000
1389582000 23.000000
1389585600 23.000000
1389589200 23.000000
1389592800 23.000000
1389596400 22.000000
1389600000 22.000000
1389603600 21.000000
1389607200 21.000000
1389610800 21.000000
1389614400 21.000000
1389618000 22.000000
1389621600 24.000000
1389625200 25.000000
1389628800 26.000000
1389632400 27.000000
1389636000 28.000000
1389639600 28.000000
1389643200 27.000000
1389646800 27.000000
1389650400 26.000000
1389654000 24.000000
1389657600 23.000000
1389661200 22.000000
1389664800 22.000000
1389668400 21.000000
1389672000 21.000000
1389675600 21.000000
1389679200 21.000000
1389682800 20.000000
1389686400 20.000000
1389690000 19.000000
1389693600 19.000000
1389697200 18.000000
1389700800 18.000000
1389704400 19.000000
1389708000 20.000000
1389711600 21.000000
1389715200 22.000000
1389718800 22.000000
1389722400 23.000000
1389726000 22.000000
1389729600 20.000000
1389733200 19.000000
1389736800 18.000000
1389740400 17.000000
1389744000 16.000000
1389747600 15.000000
1389751200 15.000000
1389754800 14.000000
1389758400 13.000000
1389762000 13.000000
1389765600 12.000000
1389769200 11.000000
1389772800 11.000000
1389776400 10.000000
1389780000 10.000000
1389783600 9.000000
1389787200 9.000000
1389790800 10.000000
1389794400 11.000000
1389798000 12.000000
1389801600 13.000000
1389805200 13.000000
1389808800 14.000000
