1389366000 30.000000
1389369600 31.000000
1389373200 33.000000
1389376800 34.000000
1389380400 33.000000
1389384000 33.000000
1389387600 32.000000
1389391200 31.000000
1389394800 31.000000
1389398400 30.000000
1389402000 30.000000
1389405600 30.000000
1389409200 30.000000
1389412800 31.000000
1389416400 31.000000
1389420000 32.000000
1389423600 32.000000
1389427200 32.000000
1389430800 32.000000
1389434400 31.000000
1389438000 29.000000
1389441600 28.000000
1389445200 28.000000
1389448800 28.000000
1389452400 28.000000
1389456000 29.000000
1389459600 29.000000
1389463200 30.000000
1389466800 31.000000
1389470400 33.000000
1389474000 34.000000
1389477600 32.000000
1389481200 30.000000
1389484800 28.000000
1389488400 28.000000
1389492000 28.000000
1389495600 28.000000
1389499200 27.000000
1389502800 26.000000
1389506400 25.000000
1389510000 26.000000
1389513600 26.000000
1389517200 27.000000
1389520800 26.000000
1389524400 24.000000
1389528000 23.000000
1389531600 26.000000
1389535200 29.000000
1389538800 32.000000
1389542400 34.000000
1389546000 37.000000
1389549600 39.000000
1389553200 38.000000
1389556800 38.000000
1389560400 37.000000
1389564000 36.000000
1389567600 35.000000
1389571200 34.000000
1389574800 33.000000
1389578400 31.000000
1389582000 30.000000
1389585600 29.000000
1389589200 28.000000
1389592800 27.000000
1389596400 26.000000
1389600000 24.000000
1389603600 23.000000
1389607200 22.000000
1389610800 20.000000
1389614400 19.000000
1389618000 19.000000
1389621600 18.000000
1389625200 18.000000
1389628800 20.000000
1389632400 23.000000
1389636000 25.000000
1389639600 23.000000
1389643200 20.000000
1389646800 18.000000
1389650400 20.000000
1389654000 21.000000
1389657600 23.000000
1389661200 22.000000
1389664800 22.000000
1389668400 21.000000
1389672000 21.000000
1389675600 21.000000
1389679200 21.000000
1389682800 23.000000
1389686400 25.000000
1389690000 27.000000
1389693600 26.000000
1389697200 26.000000
1389700800 25.000000
1389704400 24.000000
1389708000 22.000000
1389711600 21.000000
1389715200 21.000000
1389718800 21.000000
1389722400 21.000000
1389726000 19.000000
1389729600 18.000000
1389733200 16.000000
1389736800 15.000000
1389740400 15.000000
1389744000 14.000000
1389747600 13.000000
1389751200 11.000000
1389754800 10.000000
1389758400 8.000000
1389762000 7.000000
1389765600 5.000000
1389769200 6.000000
1389772800 8.000000
1389776400 9.000000
1389780000 8.000000
1389783600 8.000000
1389787200 7.000000
1389790800 12.000000
1389794400 16.000000
1389798000 21.000000
1389801600 23.000000
1389805200 25.000000
1389808800 27.000000
1389812400 28.000000
1389816000 29.000000
1389819600 30.000000
1389823200 30.000000
1389826800 30.000000
1389830400 30.000000
1389834000 25.000000
1389837600 19.000000
1389841200 14.000000
1389844800 14.000000
1389848400 14.000000
1389852000 14.000000
1389855600 14.000000
1389859200 14.000000
1389862800 14.000000
1389866400 18.000000
1389870000 21.000000
1389873600 25.000000
1389877200 23.000000
1389880800 20.000000
1389884400 18.000000
1389888000 20.000000
1389891600 21.000000
1389895200 23.000000
1389898800 22.000000
1389902400 20.000000
1389906000 19.000000
1389909600 17.000000
1389913200 16.000000
1389916800 14.000000
1389920400 13.000000
1389924000 13.000000
1389927600 12.000000
1389931200 11.000000
1389934800 10.000000
1389938400 9.000000
1389942000 8.000000
1389945600 8.000000
1389949200 7.000000
1389952800 6.000000
1389956400 6.000000
1389960000 5.000000
1389963600 6.000000
1389967200 8.000000
1389970800 9.000000
1389974400 9.000000
1389978000 10.000000
1389981600 10.000000
1389985200 10.000000
1389988800 9.000000
1389992400 9.000000
1389996000 8.000000
1389999600 6.000000
1390003200 5.000000
1390006800 5.000000
1390010400 5.000000
1390014000 5.000000
1390017600 4.000000
1390021200 4.000000
1390024800 3.000000
1390028400 3.000000
1390032000 3.000000
1390035600 3.000000
1390039200 3.000000
1390042800 3.000000
1390046400 3.000000
1390050000 4.000000
1390053600 6.000000
1390057200 7.000000
1390060800 8.000000
1390064400 9.000000
1390068000 10.000000
1390071600 10.000000
1390075200 9.000000
1390078800 9.000000
1390082400 8.000000
1390086000 6.000000
1390089600 5.000000
1390093200 5.000000
1390096800 5.000000
1390100400 5.000000
1390104000 5.000000
1390107600 5.000000
1390111200 5.000000
1390114800 5.000000
1390118400 5.000000
1390122000 5.000000
1390125600 6.000000
1390129200 6.000000
1390132800 7.000000
1390136400 9.000000
1390140000 10.000000
1390143600 12.000000
1390147200 14.000000
1390150800 16.000000
1390154400 18.000000
1390158000 17.000000
1390161600 17.000000
1390165200 16.000000
1390168800 15.000000
1390172400 15.000000
1390176000 14.000000
1390179600 14.000000
1390183200 14.000000
1390186800 14.000000
1390190400 14.000000
1390194000 14.000000
1390197600 14.000000
1390201200 15.000000
1390204800 15.000000
1390208400 16.000000
1390212000 16.000000
1390215600 16.000000
1390219200 16.000000
1390222800 17.000000
1390226400 18.000000
