1392145200 8.000000
1392148800 11.000000
1392152400 14.000000
1392156000 13.000000
1392159600 11.000000
1392163200 10.000000
1392166800 11.000000
1392170400 11.000000
1392174000 12.000000
1392177600 13.000000
1392181200 15.000000
1392184800 16.000000
1392188400 17.000000
1392192000 18.000000
1392195600 19.000000
1392199200 20.000000
1392202800 20.000000
1392206400 21.000000
1392210000 19.000000
1392213600 18.000000
1392217200 16.000000
1392220800 18.000000
1392224400 21.000000
1392228000 23.000000
1392231600 24.000000
1392235200 24.000000
1392238800 25.000000
1392242400 26.000000
1392246000 26.000000
1392249600 27.000000
1392253200 23.000000
1392256800 18.000000
1392260400 14.000000
1392264000 14.000000
1392267600 14.000000
1392271200 14.000000
1392274800 18.000000
1392278400 21.000000
1392282000 25.000000
1392285600 26.000000
1392289200 26.000000
1392292800 27.000000
1392296400 27.000000
1392300000 27.000000
1392303600 27.000000
1392307200 29.000000
1392310800 30.000000
1392314400 32.000000
1392318000 32.000000
1392321600 32.000000
1392325200 32.000000
1392328800 30.000000
1392332400 29.000000
1392336000 27.000000
1392339600 26.000000
1392343200 24.000000
1392346800 23.000000
1392350400 22.000000
1392354000 20.000000
1392357600 19.000000
1392361200 17.000000
1392364800 16.000000
1392368400 14.000000
1392372000 14.000000
1392375600 14.000000
1392379200 14.000000
1392382800 12.000000
1392386400 11.000000
1392390000 9.000000
1392393600 11.000000
1392397200 12.000000
1392400800 14.000000
1392404400 15.000000
1392408000 17.000000
1392411600 18.000000
1392415200 17.000000
1392418800 15.000000
1392422400 14.000000
1392426000 13.000000
1392429600 13.000000
1392433200 12.000000
1392436800 11.000000
1392440400 10.000000
1392444000 9.000000
1392447600 7.000000
1392451200 5.000000
1392454800 3.000000
1392458400 5.000000
1392462000 7.000000
1392465600 9.000000
1392469200 12.000000
1392472800 15.000000
1392476400 18.000000
1392480000 21.000000
1392483600 25.000000
1392487200 28.000000
1392490800 23.000000
1392494400 19.000000
1392498000 14.000000
1392501600 16.000000
1392505200 19.000000
1392508800 21.000000
1392512400 20.000000
1392516000 20.000000
1392519600 19.000000
1392523200 19.000000
1392526800 19.000000
1392530400 19.000000
1392534000 18.000000
1392537600 17.000000
1392541200 16.000000
1392544800 14.000000
1392548400 12.000000
1392552000 10.000000
1392555600 11.000000
1392559200 13.000000
1392562800 14.000000
1392566400 15.000000
1392570000 17.000000
1392573600 18.000000
1392577200 20.000000
1392580800 23.000000
1392584400 25.000000
1392588000 26.000000
1392591600 26.000000
1392595200 27.000000
1392598800 26.000000
1392602400 24.000000
1392606000 23.000000
1392609600 22.000000
1392613200 22.000000
1392616800 21.000000
1392620400 20.000000
1392624000 20.000000
1392627600 19.000000
1392631200 19.000000
1392634800 19.000000
1392638400 19.000000
1392642000 20.000000
1392645600 22.000000
1392649200 23.000000
1392652800 25.000000
1392656400 28.000000
1392660000 30.000000
1392663600 31.000000
1392667200 33.000000
1392670800 34.000000
1392674400 33.000000
1392678000 33.000000
1392681600 32.000000
1392685200 30.000000
1392688800 29.000000
1392692400 27.000000
1392696000 29.000000
1392699600 30.000000
1392703200 32.000000
1392706800 28.000000
1392710400 25.000000
1392714000 21.000000
1392717600 22.000000
1392721200 22.000000
1392724800 23.000000
1392728400 24.000000
1392732000 24.000000
1392735600 25.000000
1392739200 26.000000
1392742800 27.000000
1392746400 28.000000
1392750000 31.000000
1392753600 33.000000
1392757200 36.000000
1392760800 35.000000
1392764400 33.000000
1392768000 32.000000
1392771600 29.000000
1392775200 26.000000
1392778800 23.000000
1392782400 23.000000
1392786000 23.000000
1392789600 23.000000
1392793200 23.000000
1392796800 23.000000
1392800400 23.000000
1392804000 23.000000
1392807600 23.000000
1392811200 23.000000
1392814800 24.000000
1392818400 24.000000
1392822000 25.000000
1392825600 27.000000
1392829200 30.000000
1392832800 32.000000
1392836400 31.000000
1392840000 31.000000
1392843600 30.000000
1392847200 29.000000
1392850800 28.000000
1392854400 27.000000
1392858000 27.000000
1392861600 28.000000
1392865200 28.000000
1392868800 28.000000
1392872400 28.000000
1392876000 28.000000
1392879600 28.000000
1392883200 28.000000
1392886800 28.000000
1392890400 28.000000
1392894000 27.000000
1392897600 27.000000
1392901200 28.000000
1392904800 29.000000
1392908400 30.000000
1392912000 31.000000
1392915600 31.000000
1392919200 32.000000
1392922800 31.000000
1392926400 29.000000
1392930000 28.000000
1392933600 27.000000
1392937200 26.000000
1392940800 25.000000
1392944400 25.000000
1392948000 25.000000
1392951600 25.000000
1392955200 25.000000
1392958800 25.000000
1392962400 25.000000
1392966000 24.000000
1392969600 24.000000
1392973200 23.000000
1392976800 22.000000
1392980400 22.000000
1392984000 21.000000
1392987600 22.000000
1392991200 24.000000
1392994800 25.000000
1392998400 26.000000
1393002000 26.000000
1393005600 27.000000
