1388559600 -11.000000
1388563200 -11.000000
1388566800 -10.000000
1388570400 -7.000000
1388574000 -4.000000
1388577600 -1.000000
1388581200 -1.000000
1388584800 -1.000000
1388588400 -1.000000
1388592000 -1.000000
1388595600 -1.000000
1388599200 -1.000000
1388602800 0.000000
1388606400 0.000000
1388610000 1.000000
1388613600 1.000000
1388617200 0.000000
1388620800 0.000000
1388624400 0.000000
1388628000 -2.000000
1388631600 -3.000000
1388635200 -5.000000
1388638800 -6.000000
1388642400 -8.000000
1388646000 -6.000000
1388649600 -5.000000
1388653200 -3.000000
1388656800 -5.000000
1388660400 -6.000000
1388664000 -8.000000
1388667600 -9.000000
1388671200 -9.000000
1388674800 -10.000000
1388678400 -8.000000
1388682000 -7.000000
1388685600 -5.000000
1388689200 -3.000000
1388692800 0.000000
1388696400 1.000000
1388700000 1.000000
1388703600 0.000000
1388707200 0.000000
1388710800 -2.000000
1388714400 -4.000000
1388718000 -7.000000
1388721600 -10.000000
1388725200 -13.000000
1388728800 -16.000000
1388732400 -12.000000
1388736000 -9.000000
1388739600 -5.000000
1388743200 -6.000000
1388746800 -6.000000
1388750400 -7.000000
1388754000 -5.000000
1388757600 -3.000000
1388761200 -1.000000
1388764800 2.000000
1388768400 5.000000
1388772000 9.000000
1388775600 11.000000
1388779200 14.000000
1388782800 16.000000
1388786400 17.000000
1388790000 18.000000
1388793600 19.000000
1388797200 21.000000
1388800800 23.000000
1388804400 25.000000
1388808000 25.000000
1388811600 25.000000
1388815200 25.000000
1388818800 26.000000
1388822400 27.000000
1388826000 28.000000
1388829600 26.000000
1388833200 23.000000
1388836800 21.000000
1388840400 20.000000
1388844000 19.000000
1388847600 18.000000
1388851200 19.000000
1388854800 20.000000
1388858400 21.000000
1388862000 19.000000
1388865600 16.000000
1388869200 14.000000
1388872800 12.000000
1388876400 11.000000
1388880000 9.000000
1388883600 8.000000
1388887200 6.000000
1388890800 5.000000
1388894400 3.000000
1388898000 2.000000
1388901600 0.000000
1388905200 -1.000000
1388908800 -3.000000
1388912400 -5.000000
1388916000 -4.000000
1388919600 -4.000000
1388923200 -3.000000
1388926800 -4.000000
1388930400 -4.000000
1388934000 -5.000000
1388937600 -3.000000
1388941200 -1.000000
1388944800 0.000000
1388948400 0.000000
1388952000 -2.000000
1388955600 -3.000000
1388959200 0.000000
1388962800 3.000000
1388966400 7.000000
1388970000 8.000000
1388973600 9.000000
1388977200 10.000000
1388980800 9.000000
1388984400 8.000000
1388988000 7.000000
1388991600 0.000000
1388995200 -7.000000
1388998800 -14.000000
1389002400 -10.000000
1389006000 -5.000000
1389009600 -1.000000
1389013200 -2.000000
1389016800 -2.000000
1389020400 -3.000000
1389024000 -5.000000
1389027600 -6.000000
1389031200 -8.000000
1389034800 -7.000000
1389038400 -6.000000
1389042000 -5.000000
1389045600 -6.000000
1389049200 -7.000000
1389052800 -8.000000
1389056400 -6.000000
1389060000 -3.000000
1389063600 -1.000000
1389067200 -2.000000
1389070800 -4.000000
1389074400 -5.000000
1389078000 -9.000000
1389081600 -12.000000
1389085200 -16.000000
1389088800 -13.000000
1389092400 -11.000000
1389096000 -8.000000
1389099600 -9.000000
1389103200 -9.000000
1389106800 -10.000000
1389110400 -8.000000
1389114000 -7.000000
1389117600 -5.000000
1389121200 -2.000000
1389124800 0.000000
1389128400 3.000000
1389132000 2.000000
1389135600 1.000000
1389139200 0.000000
1389142800 0.000000
1389146400 0.000000
1389150000 -1.000000
1389153600 -2.000000
1389157200 -4.000000
1389160800 -5.000000
1389164400 -7.000000
1389168000 -10.000000
1389171600 -12.000000
1389175200 -10.000000
1389178800 -7.000000
1389182400 -5.000000
1389186000 -4.000000
1389189600 -4.000000
1389193200 -3.000000
1389196800 -1.000000
1389200400 0.000000
1389204000 1.000000
1389207600 2.000000
1389211200 2.000000
1389214800 3.000000
1389218400 2.000000
1389222000 2.000000
1389225600 1.000000
1389229200 0.000000
1389232800 0.000000
1389236400 -1.000000
1389240000 0.000000
1389243600 0.000000
1389247200 1.000000
1389250800 0.000000
1389254400 0.000000
1389258000 -1.000000
1389261600 -1.000000
1389265200 -1.000000
1389268800 -1.000000
1389272400 0.000000
1389276000 0.000000
1389279600 1.000000
1389283200 3.000000
1389286800 5.000000
1389290400 7.000000
1389294000 6.000000
1389297600 6.000000
1389301200 5.000000
1389304800 4.000000
1389308400 4.000000
1389312000 3.000000
1389315600 2.000000
1389319200 2.000000
1389322800 1.000000
1389326400 1.000000
1389330000 1.000000
1389333600 1.000000
1389337200 1.000000
1389340800 1.000000
1389344400 1.000000
1389348000 1.000000
1389351600 1.000000
1389355200 1.000000
1389358800 3.000000
1389362400 5.000000
1389366000 7.000000
1389369600 8.000000
1389373200 9.000000
1389376800 10.000000
1389380400 10.000000
1389384000 10.000000
1389387600 10.000000
1389391200 10.000000
1389394800 9.000000
1389398400 9.000000
1389402000 8.000000
1389405600 8.000000
1389409200 7.000000
1389412800 6.000000
1389416400 6.000000
1389420000 5.000000
