1388862000 10.000000
1388865600 7.000000
1388869200 5.000000
1388872800 3.000000
1388876400 2.000000
1388880000 0.000000
1388883600 -1.000000
1388887200 -3.000000
1388890800 -5.000000
1388894400 -6.000000
1388898000 -6.000000
1388901600 -7.000000
1388905200 -7.000000
1388908800 -7.000000
1388912400 -7.000000
1388916000 -9.000000
1388919600 -12.000000
1388923200 -14.000000
1388926800 -13.000000
1388930400 -11.000000
1388934000 -10.000000
1388937600 -11.000000
1388941200 -11.000000
1388944800 -12.000000
1388948400 -12.000000
1388952000 -12.000000
1388955600 -12.000000
1388959200 -11.000000
1388962800 -11.000000
1388966400 -10.000000
1388970000 -11.000000
1388973600 -13.000000
1388977200 -14.000000
1388980800 -17.000000
1388984400 -20.000000
1388988000 -23.000000
1388991600 -20.000000
1388995200 -17.000000
1388998800 -14.000000
1389002400 -16.000000
1389006000 -19.000000
1389009600 -21.000000
1389013200 -19.000000
1389016800 -18.000000
1389020400 -16.000000
1389024000 -17.000000
1389027600 -18.000000
1389031200 -19.000000
1389034800 -17.000000
1389038400 -16.000000
1389042000 -14.000000
1389045600 -15.000000
1389049200 -15.000000
1389052800 -16.000000
1389056400 -16.000000
1389060000 -17.000000
1389063600 -17.000000
1389067200 -18.000000
1389070800 -18.000000
1389074400 -19.000000
1389078000 -17.000000
1389081600 -14.000000
1389085200 -12.000000
1389088800 -12.000000
1389092400 -12.000000
1389096000 -12.000000
1389099600 -12.000000
1389103200 -12.000000
1389106800 -12.000000
1389110400 -11.000000
1389114000 -9.000000
1389117600 -8.000000
1389121200 -6.000000
1389124800 -5.000000
1389128400 -3.000000
1389132000 -5.000000
1389135600 -6.000000
1389139200 -8.000000
1389142800 -9.000000
1389146400 -9.000000
1389150000 -10.000000
1389153600 -8.000000
1389157200 -7.000000
1389160800 -5.000000
1389164400 -6.000000
1389168000 -7.000000
1389171600 -8.000000
1389175200 -8.000000
1389178800 -8.000000
1389182400 -8.000000
1389186000 -7.000000
1389189600 -6.000000
1389193200 -5.000000
1389196800 -2.000000
1389200400 0.000000
1389204000 3.000000
1389207600 4.000000
1389211200 6.000000
1389214800 7.000000
1389218400 2.000000
1389222000 -3.000000
1389225600 -8.000000
1389229200 -6.000000
1389232800 -3.000000
1389236400 -1.000000
1389240000 -3.000000
1389243600 -5.000000
1389247200 -7.000000
1389250800 -7.000000
1389254400 -8.000000
1389258000 -8.000000
1389261600 -8.000000
1389265200 -7.000000
1389268800 -7.000000
1389272400 -1.000000
1389276000 4.000000
1389279600 10.000000
1389283200 8.000000
1389286800 7.000000
1389290400 5.000000
1389294000 7.000000
1389297600 8.000000
1389301200 10.000000
1389304800 10.000000
1389308400 9.000000
1389312000 9.000000
1389315600 9.000000
1389319200 9.000000
1389322800 9.000000
1389326400 9.000000
1389330000 9.000000
1389333600 9.000000
1389337200 8.000000
1389340800 8.000000
1389344400 7.000000
1389348000 7.000000
1389351600 7.000000
1389355200 7.000000
1389358800 8.000000
1389362400 8.000000
1389366000 9.000000
1389369600 11.000000
1389373200 14.000000
1389376800 16.000000
1389380400 17.000000
1389384000 17.000000
1389387600 18.000000
1389391200 21.000000
1389394800 24.000000
1389398400 27.000000
1389402000 24.000000
1389405600 22.000000
1389409200 19.000000
1389412800 19.000000
1389416400 19.000000
1389420000 19.000000
1389423600 19.000000
1389427200 19.000000
1389430800 19.000000
1389434400 19.000000
1389438000 18.000000
1389441600 18.000000
1389445200 17.000000
1389448800 17.000000
1389452400 16.000000
1389456000 20.000000
1389459600 24.000000
1389463200 28.000000
1389466800 28.000000
1389470400 27.000000
1389474000 27.000000
1389477600 24.000000
1389481200 22.000000
1389484800 19.000000
1389488400 20.000000
1389492000 20.000000
1389495600 21.000000
1389499200 20.000000
1389502800 20.000000
1389506400 19.000000
1389510000 19.000000
1389513600 18.000000
1389517200 18.000000
1389520800 18.000000
1389524400 18.000000
1389528000 18.000000
1389531600 19.000000
1389535200 20.000000
1389538800 21.000000
1389542400 23.000000
1389546000 25.000000
1389549600 27.000000
1389553200 26.000000
1389556800 26.000000
1389560400 25.000000
1389564000 24.000000
1389567600 24.000000
1389571200 23.000000
1389574800 24.000000
1389578400 24.000000
1389582000 25.000000
1389585600 25.000000
1389589200 25.000000
1389592800 25.000000
1389596400 24.000000
1389600000 24.000000
1389603600 23.000000
1389607200 22.000000
1389610800 22.000000
1389614400 21.000000
1389618000 22.000000
1389621600 22.000000
1389625200 23.000000
1389628800 23.000000
1389632400 23.000000
1389636000 23.000000
1389639600 22.000000
1389643200 22.000000
1389646800 21.000000
1389650400 20.000000
1389654000 19.000000
1389657600 18.000000
1389661200 18.000000
1389664800 18.000000
1389668400 18.000000
1389672000 17.000000
1389675600 17.000000
1389679200 16.000000
1389682800 15.000000
1389686400 15.000000
1389690000 14.000000
1389693600 13.000000
1389697200 13.000000
1389700800 12.000000
1389704400 13.000000
1389708000 13.000000
1389711600 14.000000
1389715200 15.000000
1389718800 15.000000
1389722400 16.000000
