1393437600 10.000000
1393441200 13.000000
1393444800 15.000000
1393448400 18.000000
1393452000 17.000000
1393455600 15.000000
1393459200 14.000000
1393462800 11.000000
1393466400 8.000000
1393470000 5.000000
1393473600 4.000000
1393477200 2.000000
1393480800 1.000000
1393484400 -1.000000
1393488000 -4.000000
1393491600 -7.000000
1393495200 -8.000000
1393498800 -9.000000
1393502400 -10.000000
1393506000 -9.000000
1393509600 -9.000000
1393513200 -8.000000
1393516800 -6.000000
1393520400 -3.000000
1393524000 -1.000000
1393527600 0.000000
1393531200 0.000000
1393534800 0.000000
1393538400 0.000000
1393542000 0.000000
1393545600 0.000000
1393549200 -3.000000
1393552800 -6.000000
1393556400 -10.000000
1393560000 -10.000000
1393563600 -10.000000
1393567200 -10.000000
1393570800 -10.000000
1393574400 -10.000000
1393578000 -10.000000
1393581600 -11.000000
1393585200 -11.000000
1393588800 -12.000000
1393592400 -10.000000
1393596000 -7.000000
1393599600 -5.000000
1393603200 -2.000000
1393606800 0.000000
1393610400 3.000000
1393614000 7.000000
1393617600 10.000000
1393621200 14.000000
1393624800 10.000000
1393628400 7.000000
1393632000 3.000000
1393635600 5.000000
1393639200 7.000000
1393642800 9.000000
1393646400 5.000000
1393650000 0.000000
1393653600 -3.000000
1393657200 -3.000000
1393660800 -3.000000
1393664400 -3.000000
1393668000 -5.000000
1393671600 -6.000000
1393675200 -8.000000
1393678800 -5.000000
1393682400 -2.000000
1393686000 0.000000
1393689600 0.000000
1393693200 1.000000
1393696800 1.000000
1393700400 1.000000
1393704000 1.000000
1393707600 1.000000
1393711200 0.000000
1393714800 0.000000
1393718400 -1.000000
1393722000 0.000000
1393725600 0.000000
1393729200 1.000000
1393732800 0.000000
1393736400 -3.000000
1393740000 -5.000000
1393743600 -6.000000
1393747200 -7.000000
1393750800 -8.000000
1393754400 -8.000000
1393758000 -8.000000
1393761600 -8.000000
1393765200 -7.000000
1393768800 -6.000000
1393772400 -5.000000
1393776000 -4.000000
1393779600 -2.000000
1393783200 -1.000000
1393786800 0.000000
1393790400 1.000000
1393794000 3.000000
1393797600 5.000000
1393801200 7.000000
1393804800 9.000000
1393808400 7.000000
1393812000 5.000000
1393815600 3.000000
1393819200 4.000000
1393822800 4.000000
1393826400 5.000000
1393830000 3.000000
1393833600 2.000000
1393837200 0.000000
1393840800 -2.000000
1393844400 -4.000000
1393848000 -7.000000
1393851600 -7.000000
1393855200 -7.000000
1393858800 -7.000000
1393862400 -2.000000
1393866000 2.000000
1393869600 7.000000
1393873200 8.000000
1393876800 8.000000
1393880400 9.000000
1393884000 10.000000
1393887600 11.000000
1393891200 12.000000
1393894800 10.000000
1393898400 7.000000
1393902000 5.000000
1393905600 4.000000
1393909200 2.000000
1393912800 1.000000
1393916400 0.000000
1393920000 0.000000
1393923600 -1.000000
1393927200 -2.000000
1393930800 -4.000000
1393934400 -5.000000
1393938000 -3.000000
1393941600 -1.000000
1393945200 0.000000
1393948800 1.000000
1393952400 2.000000
1393956000 3.000000
1393959600 4.000000
1393963200 6.000000
1393966800 7.000000
1393970400 7.000000
1393974000 7.000000
1393977600 7.000000
1393981200 6.000000
1393984800 4.000000
1393988400 3.000000
1393992000 2.000000
1393995600 2.000000
1393999200 1.000000
1394002800 -1.000000
1394006400 -5.000000
1394010000 -8.000000
1394013600 -1.000000
1394017200 5.000000
1394020800 12.000000
1394024400 7.000000
1394028000 3.000000
1394031600 -1.000000
1394035200 1.000000
1394038800 4.000000
1394042400 7.000000
1394046000 9.000000
1394049600 12.000000
1394053200 14.000000
1394056800 13.000000
1394060400 13.000000
1394064000 12.000000
1394067600 8.000000
1394071200 5.000000
1394074800 1.000000
1394078400 0.000000
1394082000 0.000000
1394085600 -1.000000
1394089200 -1.000000
1394092800 -1.000000
1394096400 -1.000000
1394100000 -1.000000
1394103600 -1.000000
1394107200 -1.000000
1394110800 0.000000
1394114400 3.000000
1394118000 5.000000
1394121600 7.000000
1394125200 10.000000
1394128800 12.000000
1394132400 13.000000
1394136000 15.000000
1394139600 16.000000
1394143200 14.000000
1394146800 12.000000
1394150400 10.000000
1394154000 9.000000
1394157600 8.000000
1394161200 7.000000
1394164800 6.000000
1394168400 4.000000
1394172000 3.000000
1394175600 3.000000
1394179200 3.000000
1394182800 3.000000
1394186400 2.000000
1394190000 2.000000
1394193600 1.000000
1394197200 4.000000
1394200800 7.000000
1394204400 10.000000
1394208000 13.000000
1394211600 16.000000
1394215200 19.000000
1394218800 19.000000
1394222400 19.000000
1394226000 19.000000
1394229600 19.000000
1394233200 19.000000
1394236800 19.000000
1394240400 18.000000
1394244000 17.000000
1394247600 16.000000
1394251200 15.000000
1394254800 13.000000
1394258400 12.000000
1394262000 11.000000
1394265600 11.000000
1394269200 10.000000
1394272800 10.000000
1394276400 9.000000
1394280000 9.000000
1394283600 11.000000
1394287200 12.000000
1394290800 14.000000
1394294400 15.000000
1394298000 17.000000
