1387731600 20.000000
1387735200 21.000000
1387738800 20.000000
1387742400 20.000000
1387746000 19.000000
1387749600 17.000000
1387753200 16.000000
1387756800 14.000000
1387760400 13.000000
1387764000 11.000000
1387767600 10.000000
1387771200 8.000000
1387774800 7.000000
1387778400 5.000000
1387782000 5.000000
1387785600 5.000000
1387789200 5.000000
1387792800 5.000000
1387796400 5.000000
1387800000 5.000000
1387803600 4.000000
1387807200 2.000000
1387810800 1.000000
1387814400 1.000000
1387818000 1.000000
1387821600 1.000000
1387825200 2.000000
1387828800 4.000000
1387832400 5.000000
1387836000 3.000000
1387839600 2.000000
1387843200 0.000000
1387846800 0.000000
1387850400 -2.000000
1387854000 -3.000000
1387857600 -5.000000
1387861200 -6.000000
1387864800 -8.000000
1387868400 -7.000000
1387872000 -6.000000
1387875600 -5.000000
1387879200 -7.000000
1387882800 -10.000000
1387886400 -12.000000
1387890000 -11.000000
1387893600 -11.000000
1387897200 -10.000000
1387900800 -6.000000
1387904400 -2.000000
1387908000 1.000000
1387911600 3.000000
1387915200 5.000000
1387918800 7.000000
1387922400 8.000000
1387926000 9.000000
1387929600 10.000000
1387933200 10.000000
1387936800 9.000000
1387940400 9.000000
1387944000 11.000000
1387947600 12.000000
1387951200 14.000000
1387954800 15.000000
1387958400 17.000000
1387962000 18.000000
1387965600 17.000000
1387969200 17.000000
1387972800 16.000000
1387976400 17.000000
1387980000 17.000000
1387983600 18.000000
1387987200 20.000000
1387990800 23.000000
1387994400 25.000000
1387998000 26.000000
1388001600 27.000000
1388005200 28.000000
1388008800 25.000000
1388012400 21.000000
1388016000 18.000000
1388019600 15.000000
1388023200 13.000000
1388026800 10.000000
1388030400 10.000000
1388034000 9.000000
1388037600 9.000000
1388041200 8.000000
1388044800 6.000000
1388048400 5.000000
1388052000 5.000000
1388055600 5.000000
1388059200 5.000000
1388062800 3.000000
1388066400 0.000000
1388070000 -1.000000
1388073600 0.000000
1388077200 3.000000
1388080800 5.000000
1388084400 4.000000
1388088000 4.000000
1388091600 3.000000
1388095200 2.000000
1388098800 2.000000
1388102400 1.000000
1388106000 1.000000
1388109600 1.000000
1388113200 1.000000
1388116800 5.000000
1388120400 10.000000
1388124000 14.000000
1388127600 15.000000
1388131200 17.000000
1388134800 18.000000
1388138400 18.000000
1388142000 18.000000
1388145600 18.000000
1388149200 14.000000
1388152800 11.000000
1388156400 7.000000
1388160000 8.000000
1388163600 9.000000
1388167200 10.000000
1388170800 13.000000
1388174400 15.000000
1388178000 18.000000
1388181600 16.000000
1388185200 14.000000
1388188800 12.000000
1388192400 12.000000
1388196000 12.000000
1388199600 12.000000
1388203200 12.000000
1388206800 12.000000
1388210400 12.000000
1388214000 12.000000
1388217600 12.000000
1388221200 12.000000
1388224800 12.000000
1388228400 12.000000
1388232000 12.000000
1388235600 14.000000
1388239200 16.000000
1388242800 18.000000
1388246400 20.000000
1388250000 21.000000
1388253600 23.000000
1388257200 23.000000
1388260800 23.000000
1388264400 23.000000
1388268000 23.000000
1388271600 23.000000
1388275200 23.000000
1388278800 23.000000
1388282400 23.000000
1388286000 23.000000
1388289600 23.000000
1388293200 23.000000
1388296800 23.000000
1388300400 22.000000
1388304000 20.000000
1388307600 19.000000
1388311200 19.000000
1388314800 18.000000
1388318400 18.000000
1388322000 18.000000
1388325600 18.000000
1388329200 18.000000
1388332800 18.000000
1388336400 18.000000
1388340000 18.000000
1388343600 17.000000
1388347200 15.000000
1388350800 14.000000
1388354400 13.000000
1388358000 11.000000
1388361600 10.000000
1388365200 10.000000
1388368800 9.000000
1388372400 9.000000
1388376000 8.000000
1388379600 6.000000
1388383200 5.000000
1388386800 4.000000
1388390400 4.000000
1388394000 3.000000
1388397600 2.000000
1388401200 2.000000
1388404800 1.000000
1388408400 2.000000
1388412000 4.000000
1388415600 5.000000
1388419200 6.000000
1388422800 8.000000
1388426400 9.000000
1388430000 8.000000
1388433600 8.000000
1388437200 7.000000
1388440800 7.000000
1388444400 7.000000
1388448000 7.000000
1388451600 6.000000
1388455200 6.000000
1388458800 5.000000
1388462400 5.000000
1388466000 5.000000
1388469600 5.000000
1388473200 6.000000
1388476800 8.000000
1388480400 9.000000
1388484000 9.000000
1388487600 9.000000
1388491200 9.000000
1388494800 9.000000
1388498400 10.000000
1388502000 10.000000
1388505600 10.000000
1388509200 9.000000
1388512800 9.000000
1388516400 8.000000
1388520000 8.000000
1388523600 7.000000
1388527200 8.000000
1388530800 8.000000
1388534400 9.000000
1388538000 8.000000
1388541600 8.000000
1388545200 7.000000
1388548800 6.000000
1388552400 4.000000
1388556000 3.000000
1388559600 3.000000
1388563200 3.000000
1388566800 3.000000
1388570400 2.000000
1388574000 2.000000
1388577600 1.000000
1388581200 1.000000
1388584800 1.000000
1388588400 1.000000
1388592000 3.000000
