1389538800 37.000000
1389542400 38.000000
1389546000 38.000000
1389549600 39.000000
1389553200 39.000000
1389556800 39.000000
1389560400 39.000000
1389564000 38.000000
1389567600 37.000000
1389571200 36.000000
1389574800 35.000000
1389578400 33.000000
1389582000 32.000000
1389585600 31.000000
1389589200 29.000000
1389592800 28.000000
1389596400 31.000000
1389600000 33.000000
1389603600 36.000000
1389607200 32.000000
1389610800 29.000000
1389614400 25.000000
1389618000 25.000000
1389621600 25.000000
1389625200 25.000000
1389628800 26.000000
1389632400 26.000000
1389636000 27.000000
1389639600 26.000000
1389643200 24.000000
1389646800 23.000000
1389650400 23.000000
1389654000 23.000000
1389657600 23.000000
1389661200 25.000000
1389664800 28.000000
1389668400 30.000000
1389672000 26.000000
1389675600 23.000000
1389679200 19.000000
1389682800 21.000000
1389686400 23.000000
1389690000 25.000000
1389693600 23.000000
1389697200 20.000000
1389700800 18.000000
1389704400 18.000000
1389708000 18.000000
1389711600 18.000000
1389715200 18.000000
1389718800 19.000000
1389722400 19.000000
1389726000 18.000000
1389729600 17.000000
1389733200 16.000000
1389736800 15.000000
1389740400 13.000000
1389744000 12.000000
1389747600 11.000000
1389751200 11.000000
1389754800 10.000000
1389758400 9.000000
1389762000 8.000000
1389765600 7.000000
1389769200 7.000000
1389772800 7.000000
1389776400 7.000000
1389780000 6.000000
1389783600 4.000000
1389787200 3.000000
1389790800 4.000000
1389794400 6.000000
1389798000 7.000000
1389801600 6.000000
1389805200 6.000000
1389808800 5.000000
1389812400 7.000000
1389816000 8.000000
1389819600 10.000000
1389823200 15.000000
1389826800 20.000000
1389830400 25.000000
1389834000 26.000000
1389837600 26.000000
1389841200 27.000000
1389844800 26.000000
1389848400 24.000000
1389852000 23.000000
1389855600 26.000000
1389859200 29.000000
1389862800 32.000000
1389866400 30.000000
1389870000 29.000000
1389873600 27.000000
1389877200 27.000000
1389880800 28.000000
1389884400 28.000000
1389888000 28.000000
1389891600 27.000000
1389895200 27.000000
1389898800 23.000000
1389902400 20.000000
1389906000 16.000000
1389909600 16.000000
1389913200 16.000000
1389916800 16.000000
1389920400 14.000000
1389924000 12.000000
1389927600 10.000000
1389931200 8.000000
1389934800 5.000000
1389938400 3.000000
1389942000 2.000000
1389945600 1.000000
1389949200 0.000000
1389952800 0.000000
1389956400 -2.000000
1389960000 -3.000000
1389963600 0.000000
1389967200 5.000000
1389970800 9.000000
1389974400 9.000000
1389978000 10.000000
1389981600 10.000000
1389985200 9.000000
1389988800 8.000000
1389992400 7.000000
1389996000 8.000000
1389999600 8.000000
1390003200 9.000000
1390006800 8.000000
1390010400 8.000000
1390014000 7.000000
1390017600 6.000000
1390021200 6.000000
1390024800 5.000000
1390028400 5.000000
1390032000 5.000000
1390035600 5.000000
1390039200 5.000000
1390042800 5.000000
1390046400 5.000000
1390050000 6.000000
1390053600 6.000000
1390057200 7.000000
1390060800 10.000000
1390064400 13.000000
1390068000 16.000000
1390071600 17.000000
1390075200 17.000000
1390078800 18.000000
1390082400 17.000000
1390086000 17.000000
1390089600 16.000000
1390093200 15.000000
1390096800 15.000000
1390100400 14.000000
1390104000 13.000000
1390107600 13.000000
1390111200 12.000000
1390114800 11.000000
1390118400 11.000000
1390122000 10.000000
1390125600 10.000000
1390129200 10.000000
1390132800 10.000000
1390136400 10.000000
1390140000 10.000000
1390143600 10.000000
1390147200 11.000000
1390150800 13.000000
1390154400 14.000000
1390158000 15.000000
1390161600 17.000000
1390165200 18.000000
1390168800 17.000000
1390172400 15.000000
1390176000 14.000000
1390179600 15.000000
1390183200 15.000000
1390186800 16.000000
1390190400 17.000000
1390194000 17.000000
1390197600 18.000000
1390201200 18.000000
1390204800 18.000000
1390208400 18.000000
1390212000 18.000000
1390215600 19.000000
1390219200 19.000000
1390222800 20.000000
1390226400 22.000000
1390230000 23.000000
1390233600 25.000000
1390237200 26.000000
1390240800 28.000000
1390244400 27.000000
1390248000 26.000000
1390251600 25.000000
1390255200 24.000000
1390258800 24.000000
1390262400 23.000000
1390266000 22.000000
1390269600 22.000000
1390273200 21.000000
1390276800 21.000000
1390280400 21.000000
1390284000 21.000000
1390287600 20.000000
1390291200 20.000000
1390294800 19.000000
1390298400 19.000000
1390302000 19.000000
1390305600 19.000000
1390309200 20.000000
1390312800 22.000000
1390316400 23.000000
1390320000 24.000000
1390323600 24.000000
1390327200 25.000000
1390330800 24.000000
1390334400 24.000000
1390338000 23.000000
1390341600 22.000000
1390345200 22.000000
1390348800 21.000000
1390352400 20.000000
1390356000 20.000000
1390359600 19.000000
1390363200 19.000000
1390366800 19.000000
1390370400 19.000000
1390374000 19.000000
1390377600 19.000000
1390381200 19.000000
1390384800 19.000000
1390388400 18.000000
1390392000 18.000000
1390395600 19.000000
1390399200 20.000000
