1394344800 18.000000
1394348400 17.000000
1394352000 17.000000
1394355600 16.000000
1394359200 17.000000
1394362800 17.000000
1394366400 18.000000
1394370000 21.000000
1394373600 25.000000
1394377200 28.000000
1394380800 32.000000
1394384400 35.000000
1394388000 39.000000
1394391600 40.000000
1394395200 42.000000
1394398800 43.000000
1394402400 43.000000
1394406000 43.000000
1394409600 43.000000
1394413200 39.000000
1394416800 36.000000
1394420400 32.000000
1394424000 33.000000
1394427600 35.000000
1394431200 36.000000
1394434800 35.000000
1394438400 35.000000
1394442000 34.000000
1394445600 35.000000
1394449200 35.000000
1394452800 36.000000
1394456400 36.000000
1394460000 36.000000
1394463600 36.000000
1394467200 38.000000
1394470800 39.000000
1394474400 41.000000
1394478000 42.000000
1394481600 42.000000
1394485200 43.000000
1394488800 42.000000
1394492400 42.000000
1394496000 41.000000
1394499600 39.000000
1394503200 38.000000
1394506800 36.000000
1394510400 36.000000
1394514000 37.000000
1394517600 37.000000
1394521200 35.000000
1394524800 34.000000
1394528400 32.000000
1394532000 31.000000
1394535600 31.000000
1394539200 30.000000
1394542800 31.000000
1394546400 33.000000
1394550000 34.000000
1394553600 35.000000
1394557200 35.000000
1394560800 36.000000
1394564400 36.000000
1394568000 37.000000
1394571600 37.000000
1394575200 36.000000
1394578800 35.000000
1394582400 34.000000
1394586000 33.000000
1394589600 33.000000
1394593200 32.000000
1394596800 31.000000
1394600400 31.000000
1394604000 30.000000
1394607600 28.000000
1394611200 25.000000
1394614800 23.000000
1394618400 22.000000
1394622000 20.000000
1394625600 19.000000
1394629200 21.000000
1394632800 23.000000
1394636400 25.000000
1394640000 27.000000
1394643600 30.000000
1394647200 32.000000
1394650800 34.000000
1394654400 35.000000
1394658000 37.000000
1394661600 35.000000
1394665200 32.000000
1394668800 30.000000
1394672400 31.000000
1394676000 33.000000
1394679600 34.000000
1394683200 30.000000
1394686800 25.000000
1394690400 21.000000
1394694000 22.000000
1394697600 22.000000
1394701200 23.000000
1394704800 24.000000
1394708400 24.000000
1394712000 25.000000
1394715600 26.000000
1394719200 26.000000
1394722800 27.000000
1394726400 30.000000
1394730000 34.000000
1394733600 37.000000
1394737200 41.000000
1394740800 44.000000
1394744400 48.000000
1394748000 45.000000
1394751600 42.000000
1394755200 39.000000
1394758800 39.000000
1394762400 39.000000
1394766000 39.000000
1394769600 38.000000
1394773200 37.000000
1394776800 36.000000
1394780400 35.000000
1394784000 33.000000
1394787600 32.000000
1394791200 31.000000
1394794800 29.000000
1394798400 28.000000
1394802000 32.000000
1394805600 37.000000
1394809200 41.000000
1394812800 42.000000
1394816400 42.000000
1394820000 43.000000
1394823600 43.000000
1394827200 43.000000
1394830800 43.000000
1394834400 42.000000
1394838000 42.000000
1394841600 41.000000
1394845200 39.000000
1394848800 36.000000
1394852400 34.000000
1394856000 33.000000
1394859600 31.000000
1394863200 30.000000
1394866800 29.000000
1394870400 28.000000
1394874000 27.000000
1394877600 27.000000
1394881200 27.000000
1394884800 27.000000
1394888400 28.000000
1394892000 29.000000
1394895600 30.000000
1394899200 32.000000
1394902800 34.000000
1394906400 36.000000
1394910000 36.000000
1394913600 37.000000
1394917200 37.000000
1394920800 37.000000
1394924400 36.000000
1394928000 36.000000
1394931600 34.000000
1394935200 32.000000
1394938800 30.000000
1394942400 29.000000
1394946000 28.000000
1394949600 27.000000
1394953200 29.000000
1394956800 32.000000
1394960400 34.000000
1394964000 30.000000
1394967600 25.000000
1394971200 21.000000
1394974800 23.000000
1394978400 25.000000
1394982000 27.000000
1394985600 32.000000
1394989200 38.000000
1394992800 43.000000
1394996400 43.000000
1395000000 43.000000
1395003600 43.000000
1395007200 42.000000
1395010800 42.000000
1395014400 41.000000
1395018000 40.000000
1395021600 38.000000
1395025200 37.000000
1395028800 37.000000
1395032400 37.000000
1395036000 37.000000
1395039600 32.000000
1395043200 28.000000
1395046800 23.000000
1395050400 22.000000
1395054000 20.000000
1395057600 19.000000
1395061200 22.000000
1395064800 24.000000
1395068400 27.000000
1395072000 29.000000
1395075600 30.000000
1395079200 32.000000
1395082800 34.000000
1395086400 37.000000
1395090000 39.000000
1395093600 40.000000
1395097200 42.000000
1395100800 43.000000
1395104400 40.000000
1395108000 37.000000
1395111600 34.000000
1395115200 33.000000
1395118800 31.000000
1395122400 30.000000
1395126000 28.000000
1395129600 25.000000
1395133200 23.000000
1395136800 22.000000
1395140400 20.000000
1395144000 19.000000
1395147600 22.000000
1395151200 24.000000
1395154800 27.000000
1395158400 29.000000
1395162000 32.000000
1395165600 34.000000
1395169200 35.000000
1395172800 36.000000
1395176400 37.000000
1395180000 37.000000
1395183600 36.000000
1395187200 36.000000
1395190800 35.000000
1395194400 35.000000
1395198000 34.000000
1395201600 31.000000
1395205200 28.000000
