1394604000 23.000000
1394607600 22.000000
1394611200 22.000000
1394614800 21.000000
1394618400 19.000000
1394622000 18.000000
1394625600 16.000000
1394629200 17.000000
1394632800 17.000000
1394636400 18.000000
1394640000 20.000000
1394643600 21.000000
1394647200 23.000000
1394650800 24.000000
1394654400 26.000000
1394658000 27.000000
1394661600 25.000000
1394665200 23.000000
1394668800 21.000000
1394672400 20.000000
1394676000 19.000000
1394679600 18.000000
1394683200 18.000000
1394686800 18.000000
1394690400 18.000000
1394694000 18.000000
1394697600 19.000000
1394701200 19.000000
1394704800 20.000000
1394708400 20.000000
1394712000 21.000000
1394715600 24.000000
1394719200 27.000000
1394722800 30.000000
1394726400 33.000000
1394730000 36.000000
1394733600 39.000000
1394737200 40.000000
1394740800 40.000000
1394744400 41.000000
1394748000 41.000000
1394751600 41.000000
1394755200 41.000000
1394758800 40.000000
1394762400 40.000000
1394766000 39.000000
1394769600 38.000000
1394773200 37.000000
1394776800 36.000000
1394780400 35.000000
1394784000 35.000000
1394787600 34.000000
1394791200 33.000000
1394794800 31.000000
1394798400 30.000000
1394802000 32.000000
1394805600 35.000000
1394809200 37.000000
1394812800 38.000000
1394816400 38.000000
1394820000 39.000000
1394823600 40.000000
1394827200 40.000000
1394830800 41.000000
1394834400 40.000000
1394838000 38.000000
1394841600 37.000000
1394845200 37.000000
1394848800 37.000000
1394852400 37.000000
1394856000 34.000000
1394859600 30.000000
1394863200 27.000000
1394866800 26.000000
1394870400 24.000000
1394874000 23.000000
1394877600 23.000000
1394881200 23.000000
1394884800 23.000000
1394888400 24.000000
1394892000 26.000000
1394895600 27.000000
1394899200 29.000000
1394902800 32.000000
1394906400 34.000000
1394910000 35.000000
1394913600 36.000000
1394917200 37.000000
1394920800 35.000000
1394924400 32.000000
1394928000 30.000000
1394931600 29.000000
1394935200 29.000000
1394938800 28.000000
1394942400 26.000000
1394946000 25.000000
1394949600 23.000000
1394953200 19.000000
1394956800 16.000000
1394960400 12.000000
1394964000 12.000000
1394967600 12.000000
1394971200 12.000000
1394974800 13.000000
1394978400 13.000000
1394982000 14.000000
1394985600 18.000000
1394989200 21.000000
1394992800 25.000000
1394996400 27.000000
1395000000 30.000000
1395003600 32.000000
1395007200 30.000000
1395010800 27.000000
1395014400 25.000000
1395018000 26.000000
1395021600 27.000000
1395025200 28.000000
1395028800 29.000000
1395032400 29.000000
1395036000 30.000000
1395039600 26.000000
1395043200 23.000000
1395046800 19.000000
1395050400 21.000000
1395054000 23.000000
1395057600 25.000000
1395061200 25.000000
1395064800 25.000000
1395068400 25.000000
1395072000 25.000000
1395075600 25.000000
1395079200 25.000000
1395082800 30.000000
1395086400 36.000000
1395090000 41.000000
1395093600 37.000000
1395097200 34.000000
1395100800 30.000000
1395104400 32.000000
1395108000 35.000000
1395111600 37.000000
1395115200 35.000000
1395118800 32.000000
1395122400 30.000000
1395126000 32.000000
1395129600 35.000000
1395133200 37.000000
1395136800 34.000000
1395140400 30.000000
1395144000 27.000000
1395147600 29.000000
1395151200 32.000000
1395154800 34.000000
1395158400 31.000000
1395162000 28.000000
1395165600 25.000000
1395169200 30.000000
1395172800 36.000000
1395176400 41.000000
1395180000 40.000000
1395183600 38.000000
1395187200 37.000000
1395190800 37.000000
1395194400 37.000000
1395198000 37.000000
1395201600 35.000000
1395205200 34.000000
1395208800 32.000000
1395212400 31.000000
1395216000 29.000000
1395219600 28.000000
1395223200 28.000000
1395226800 28.000000
1395230400 28.000000
1395234000 32.000000
1395237600 37.000000
1395241200 41.000000
1395244800 43.000000
1395248400 44.000000
1395252000 46.000000
1395255600 44.000000
1395259200 43.000000
1395262800 41.000000
1395266400 40.000000
1395270000 40.000000
1395273600 39.000000
1395277200 39.000000
1395280800 39.000000
1395284400 39.000000
1395288000 37.000000
1395291600 36.000000
1395295200 34.000000
1395298800 29.000000
1395302400 23.000000
1395306000 18.000000
1395309600 17.000000
1395313200 15.000000
1395316800 14.000000
1395320400 16.000000
1395324000 19.000000
1395327600 21.000000
1395331200 29.000000
1395334800 38.000000
1395338400 46.000000
1395342000 47.000000
1395345600 49.000000
1395349200 50.000000
1395352800 48.000000
1395356400 47.000000
1395360000 45.000000
1395363600 44.000000
1395367200 42.000000
1395370800 41.000000
1395374400 37.000000
1395378000 34.000000
1395381600 30.000000
1395385200 27.000000
1395388800 24.000000
1395392400 21.000000
1395396000 20.000000
1395399600 20.000000
1395403200 19.000000
1395406800 22.000000
1395410400 24.000000
1395414000 27.000000
1395417600 29.000000
1395421200 30.000000
1395424800 32.000000
1395428400 36.000000
1395432000 39.000000
1395435600 43.000000
1395439200 42.000000
1395442800 42.000000
1395446400 41.000000
1395450000 40.000000
1395453600 38.000000
1395457200 37.000000
1395460800 34.000000
1395464400 30.000000
