1394992800 19.000000
1394996400 22.000000
1395000000 24.000000
1395003600 27.000000
1395007200 25.000000
1395010800 23.000000
1395014400 21.000000
1395018000 20.000000
1395021600 19.000000
1395025200 18.000000
1395028800 18.000000
1395032400 18.000000
1395036000 18.000000
1395039600 20.000000
1395043200 23.000000
1395046800 25.000000
1395050400 25.000000
1395054000 25.000000
1395057600 25.000000
1395061200 25.000000
1395064800 25.000000
1395068400 25.000000
1395072000 26.000000
1395075600 27.000000
1395079200 28.000000
1395082800 31.000000
1395086400 33.000000
1395090000 36.000000
1395093600 36.000000
1395097200 36.000000
1395100800 36.000000
1395104400 35.000000
1395108000 35.000000
1395111600 34.000000
1395115200 34.000000
1395118800 34.000000
1395122400 34.000000
1395126000 34.000000
1395129600 34.000000
1395133200 34.000000
1395136800 34.000000
1395140400 34.000000
1395144000 34.000000
1395147600 35.000000
1395151200 35.000000
1395154800 36.000000
1395158400 35.000000
1395162000 35.000000
1395165600 34.000000
1395169200 37.000000
1395172800 40.000000
1395176400 43.000000
1395180000 41.000000
1395183600 38.000000
1395187200 36.000000
1395190800 36.000000
1395194400 37.000000
1395198000 37.000000
1395201600 35.000000
1395205200 34.000000
1395208800 32.000000
1395212400 32.000000
1395216000 32.000000
1395219600 32.000000
1395223200 31.000000
1395226800 31.000000
1395230400 30.000000
1395234000 29.000000
1395237600 29.000000
1395241200 28.000000
1395244800 32.000000
1395248400 35.000000
1395252000 39.000000
1395255600 38.000000
1395259200 38.000000
1395262800 37.000000
1395266400 36.000000
1395270000 35.000000
1395273600 34.000000
1395277200 33.000000
1395280800 31.000000
1395284400 30.000000
1395288000 28.000000
1395291600 27.000000
1395295200 25.000000
1395298800 24.000000
1395302400 24.000000
1395306000 23.000000
1395309600 22.000000
1395313200 22.000000
1395316800 21.000000
1395320400 23.000000
1395324000 26.000000
1395327600 28.000000
1395331200 31.000000
1395334800 33.000000
1395338400 36.000000
1395342000 37.000000
1395345600 38.000000
1395349200 39.000000
1395352800 38.000000
1395356400 37.000000
1395360000 36.000000
1395363600 35.000000
1395367200 33.000000
1395370800 32.000000
1395374400 31.000000
1395378000 31.000000
1395381600 30.000000
1395385200 31.000000
1395388800 33.000000
1395392400 34.000000
1395396000 33.000000
1395399600 31.000000
1395403200 30.000000
1395406800 31.000000
1395410400 31.000000
1395414000 32.000000
1395417600 34.000000
1395421200 37.000000
1395424800 39.000000
1395428400 41.000000
1395432000 43.000000
1395435600 45.000000
1395439200 41.000000
1395442800 36.000000
1395446400 32.000000
1395450000 34.000000
1395453600 35.000000
1395457200 37.000000
1395460800 36.000000
1395464400 35.000000
1395468000 34.000000
1395471600 32.000000
1395475200 30.000000
1395478800 28.000000
1395482400 21.000000
1395486000 14.000000
1395489600 7.000000
1395493200 14.000000
1395496800 21.000000
1395500400 28.000000
1395504000 26.000000
1395507600 25.000000
1395511200 23.000000
1395514800 27.000000
1395518400 30.000000
1395522000 34.000000
1395525600 35.000000
1395529200 35.000000
1395532800 36.000000
1395536400 36.000000
1395540000 37.000000
1395543600 37.000000
1395547200 31.000000
1395550800 24.000000
1395554400 18.000000
1395558000 20.000000
1395561600 21.000000
1395565200 23.000000
1395568800 22.000000
1395572400 22.000000
1395576000 21.000000
1395579600 23.000000
1395583200 25.000000
1395586800 27.000000
1395590400 30.000000
1395594000 34.000000
1395597600 37.000000
1395601200 39.000000
1395604800 41.000000
1395608400 43.000000
1395612000 42.000000
1395615600 42.000000
1395619200 41.000000
1395622800 40.000000
1395626400 40.000000
1395630000 39.000000
1395633600 38.000000
1395637200 37.000000
1395640800 36.000000
1395644400 36.000000
1395648000 37.000000
1395651600 37.000000
1395655200 30.000000
1395658800 23.000000
1395662400 16.000000
1395666000 18.000000
1395669600 19.000000
1395673200 21.000000
1395676800 23.000000
1395680400 25.000000
1395684000 27.000000
1395687600 33.000000
1395691200 40.000000
1395694800 46.000000
1395698400 44.000000
1395702000 43.000000
1395705600 41.000000
1395709200 40.000000
1395712800 38.000000
1395716400 37.000000
1395720000 36.000000
1395723600 35.000000
1395727200 34.000000
1395730800 29.000000
1395734400 24.000000
1395738000 19.000000
1395741600 19.000000
1395745200 18.000000
1395748800 18.000000
1395752400 20.000000
1395756000 21.000000
1395759600 23.000000
1395763200 25.000000
1395766800 28.000000
1395770400 30.000000
1395774000 35.000000
1395777600 40.000000
1395781200 45.000000
1395784800 44.000000
1395788400 44.000000
1395792000 43.000000
1395795600 42.000000
1395799200 40.000000
1395802800 39.000000
1395806400 34.000000
1395810000 30.000000
1395813600 25.000000
1395817200 24.000000
1395820800 24.000000
1395824400 23.000000
1395828000 22.000000
1395831600 22.000000
1395835200 21.000000
1395838800 23.000000
1395842400 26.000000
1395846000 28.000000
1395849600 30.000000
1395853200 32.000000
