1389974400 8.000000
1389978000 8.000000
1389981600 9.000000
1389985200 9.000000
1389988800 10.000000
1389992400 10.000000
1389996000 10.000000
1389999600 9.000000
1390003200 9.000000
1390006800 9.000000
1390010400 9.000000
1390014000 9.000000
1390017600 9.000000
1390021200 10.000000
1390024800 10.000000
1390028400 10.000000
1390032000 9.000000
1390035600 9.000000
1390039200 12.000000
1390042800 15.000000
1390046400 18.000000
1390050000 17.000000
1390053600 17.000000
1390057200 16.000000
1390060800 16.000000
1390064400 16.000000
1390068000 16.000000
1390071600 17.000000
1390075200 18.000000
1390078800 19.000000
1390082400 19.000000
1390086000 18.000000
1390089600 18.000000
1390093200 17.000000
1390096800 15.000000
1390100400 14.000000
1390104000 15.000000
1390107600 17.000000
1390111200 18.000000
1390114800 18.000000
1390118400 19.000000
1390122000 19.000000
1390125600 19.000000
1390129200 19.000000
1390132800 19.000000
1390136400 22.000000
1390140000 25.000000
1390143600 28.000000
1390147200 31.000000
1390150800 34.000000
1390154400 37.000000
1390158000 33.000000
1390161600 29.000000
1390165200 25.000000
1390168800 26.000000
1390172400 26.000000
1390176000 27.000000
1390179600 26.000000
1390183200 24.000000
1390186800 23.000000
1390190400 22.000000
1390194000 20.000000
1390197600 19.000000
1390201200 19.000000
1390204800 19.000000
1390208400 19.000000
1390212000 18.000000
1390215600 17.000000
1390219200 16.000000
1390222800 15.000000
1390226400 15.000000
1390230000 14.000000
1390233600 13.000000
1390237200 13.000000
1390240800 12.000000
1390244400 13.000000
1390248000 13.000000
1390251600 14.000000
1390255200 11.000000
1390258800 8.000000
1390262400 5.000000
1390266000 3.000000
1390269600 2.000000
1390273200 0.000000
1390276800 0.000000
1390280400 -2.000000
1390284000 -3.000000
1390287600 -2.000000
1390291200 0.000000
1390294800 0.000000
1390298400 0.000000
1390302000 -2.000000
1390305600 -3.000000
1390309200 -2.000000
1390312800 -2.000000
1390316400 -1.000000
1390320000 -2.000000
1390323600 -4.000000
1390327200 -5.000000
1390330800 -4.000000
1390334400 -2.000000
1390338000 -1.000000
1390341600 -1.000000
1390345200 -1.000000
1390348800 -1.000000
1390352400 -2.000000
1390356000 -4.000000
1390359600 -5.000000
1390363200 -6.000000
1390366800 -6.000000
1390370400 -7.000000
1390374000 -7.000000
1390377600 -7.000000
1390381200 -7.000000
1390384800 -8.000000
1390388400 -9.000000
1390392000 -10.000000
1390395600 -7.000000
1390399200 -4.000000
1390402800 -1.000000
1390406400 0.000000
1390410000 0.000000
1390413600 1.000000
1390417200 2.000000
1390420800 2.000000
1390424400 3.000000
1390428000 2.000000
1390431600 1.000000
1390435200 0.000000
1390438800 0.000000
1390442400 0.000000
1390446000 -1.000000
1390449600 -1.000000
1390453200 -1.000000
1390456800 -1.000000
1390460400 -2.000000
1390464000 -2.000000
1390467600 -3.000000
1390471200 -2.000000
1390474800 0.000000
1390478400 0.000000
1390482000 0.000000
1390485600 0.000000
1390489200 -1.000000
1390492800 2.000000
1390496400 6.000000
1390500000 10.000000
1390503600 10.000000
1390507200 10.000000
1390510800 10.000000
1390514400 10.000000
1390518000 10.000000
1390521600 10.000000
1390525200 10.000000
1390528800 9.000000
1390532400 9.000000
1390536000 8.000000
1390539600 8.000000
1390543200 7.000000
1390546800 7.000000
1390550400 7.000000
1390554000 7.000000
1390557600 7.000000
1390561200 7.000000
1390564800 7.000000
1390568400 8.000000
1390572000 9.000000
1390575600 10.000000
1390579200 11.000000
1390582800 13.000000
1390586400 14.000000
1390590000 13.000000
1390593600 13.000000
1390597200 12.000000
1390600800 11.000000
1390604400 11.000000
1390608000 10.000000
1390611600 10.000000
1390615200 9.000000
1390618800 9.000000
1390622400 8.000000
1390626000 6.000000
1390629600 5.000000
1390633200 4.000000
1390636800 4.000000
1390640400 3.000000
1390644000 2.000000
1390647600 1.000000
1390651200 0.000000
1390654800 1.000000
1390658400 2.000000
1390662000 3.000000
1390665600 4.000000
1390669200 6.000000
1390672800 7.000000
1390676400 6.000000
1390680000 6.000000
1390683600 5.000000
1390687200 4.000000
1390690800 4.000000
1390694400 3.000000
1390698000 2.000000
1390701600 2.000000
1390705200 1.000000
1390708800 0.000000
1390712400 0.000000
1390716000 -1.000000
1390719600 -2.000000
1390723200 -2.000000
1390726800 -3.000000
1390730400 -4.000000
1390734000 -4.000000
1390737600 -5.000000
1390741200 -4.000000
1390744800 -2.000000
1390748400 -1.000000
1390752000 0.000000
1390755600 0.000000
1390759200 1.000000
1390762800 1.000000
1390766400 1.000000
1390770000 1.000000
1390773600 1.000000
1390777200 0.000000
1390780800 0.000000
1390784400 0.000000
1390788000 0.000000
1390791600 -1.000000
1390795200 -1.000000
1390798800 -1.000000
1390802400 -1.000000
1390806000 -2.000000
1390809600 -2.000000
1390813200 -3.000000
1390816800 -3.000000
1390820400 -3.000000
1390824000 -3.000000
1390827600 -2.000000
1390831200 0.000000
1390834800 0.000000
