1394560800 39.000000
1394564400 39.000000
1394568000 39.000000
1394571600 39.000000
1394575200 37.000000
1394578800 34.000000
1394582400 32.000000
1394586000 31.000000
1394589600 29.000000
1394593200 28.000000
1394596800 27.000000
1394600400 26.000000
1394604000 25.000000
1394607600 24.000000
1394611200 24.000000
1394614800 23.000000
1394618400 21.000000
1394622000 20.000000
1394625600 18.000000
1394629200 18.000000
1394632800 19.000000
1394636400 19.000000
1394640000 21.000000
1394643600 23.000000
1394647200 25.000000
1394650800 25.000000
1394654400 25.000000
1394658000 25.000000
1394661600 25.000000
1394665200 25.000000
1394668800 25.000000
1394672400 23.000000
1394676000 21.000000
1394679600 19.000000
1394683200 19.000000
1394686800 19.000000
1394690400 19.000000
1394694000 20.000000
1394697600 22.000000
1394701200 23.000000
1394704800 22.000000
1394708400 22.000000
1394712000 21.000000
1394715600 25.000000
1394719200 28.000000
1394722800 32.000000
1394726400 35.000000
1394730000 38.000000
1394733600 41.000000
1394737200 42.000000
1394740800 42.000000
1394744400 43.000000
1394748000 42.000000
1394751600 40.000000
1394755200 39.000000
1394758800 40.000000
1394762400 40.000000
1394766000 41.000000
1394769600 38.000000
1394773200 35.000000
1394776800 32.000000
1394780400 31.000000
1394784000 31.000000
1394787600 30.000000
1394791200 30.000000
1394794800 30.000000
1394798400 30.000000
1394802000 32.000000
1394805600 35.000000
1394809200 37.000000
1394812800 38.000000
1394816400 38.000000
1394820000 39.000000
1394823600 40.000000
1394827200 40.000000
1394830800 41.000000
1394834400 39.000000
1394838000 38.000000
1394841600 36.000000
1394845200 35.000000
1394848800 33.000000
1394852400 32.000000
1394856000 29.000000
1394859600 26.000000
1394863200 23.000000
1394866800 22.000000
1394870400 20.000000
1394874000 19.000000
1394877600 18.000000
1394881200 17.000000
1394884800 16.000000
1394888400 18.000000
1394892000 19.000000
1394895600 21.000000
1394899200 23.000000
1394902800 25.000000
1394906400 27.000000
1394910000 27.000000
1394913600 28.000000
1394917200 28.000000
1394920800 29.000000
1394924400 31.000000
1394928000 32.000000
1394931600 28.000000
1394935200 25.000000
1394938800 21.000000
1394942400 22.000000
1394946000 24.000000
1394949600 25.000000
1394953200 22.000000
1394956800 19.000000
1394960400 16.000000
1394964000 14.000000
1394967600 11.000000
1394971200 9.000000
1394974800 11.000000
1394978400 14.000000
1394982000 16.000000
1394985600 21.000000
1394989200 27.000000
1394992800 32.000000
1394996400 30.000000
1395000000 27.000000
1395003600 25.000000
1395007200 27.000000
1395010800 28.000000
1395014400 30.000000
1395018000 27.000000
1395021600 24.000000
1395025200 21.000000
1395028800 22.000000
1395032400 22.000000
1395036000 23.000000
1395039600 21.000000
1395043200 18.000000
1395046800 16.000000
1395050400 15.000000
1395054000 13.000000
1395057600 12.000000
1395061200 14.000000
1395064800 17.000000
1395068400 19.000000
1395072000 22.000000
1395075600 25.000000
1395079200 28.000000
1395082800 31.000000
1395086400 34.000000
1395090000 37.000000
1395093600 35.000000
1395097200 34.000000
1395100800 32.000000
1395104400 31.000000
1395108000 29.000000
1395111600 28.000000
1395115200 32.000000
1395118800 35.000000
1395122400 39.000000
1395126000 35.000000
1395129600 31.000000
1395133200 27.000000
1395136800 29.000000
1395140400 32.000000
1395144000 34.000000
1395147600 34.000000
1395151200 34.000000
1395154800 34.000000
1395158400 36.000000
1395162000 37.000000
1395165600 39.000000
1395169200 40.000000
1395172800 40.000000
1395176400 41.000000
1395180000 39.000000
1395183600 38.000000
1395187200 36.000000
1395190800 35.000000
1395194400 33.000000
1395198000 32.000000
1395201600 31.000000
1395205200 31.000000
1395208800 30.000000
1395212400 26.000000
1395216000 22.000000
1395219600 18.000000
1395223200 17.000000
1395226800 17.000000
1395230400 16.000000
1395234000 18.000000
1395237600 19.000000
1395241200 21.000000
1395244800 23.000000
1395248400 25.000000
1395252000 27.000000
1395255600 30.000000
1395259200 34.000000
1395262800 37.000000
1395266400 36.000000
1395270000 35.000000
1395273600 34.000000
1395277200 32.000000
1395280800 30.000000
1395284400 28.000000
1395288000 27.000000
1395291600 26.000000
1395295200 25.000000
1395298800 21.000000
1395302400 18.000000
1395306000 14.000000
1395309600 13.000000
1395313200 13.000000
1395316800 12.000000
1395320400 15.000000
1395324000 18.000000
1395327600 21.000000
1395331200 23.000000
1395334800 26.000000
1395338400 28.000000
1395342000 31.000000
1395345600 33.000000
1395349200 36.000000
1395352800 34.000000
1395356400 32.000000
1395360000 30.000000
1395363600 28.000000
1395367200 25.000000
1395370800 23.000000
1395374400 21.000000
1395378000 20.000000
1395381600 18.000000
1395385200 18.000000
1395388800 18.000000
1395392400 18.000000
1395396000 17.000000
1395399600 17.000000
1395403200 16.000000
1395406800 18.000000
1395410400 21.000000
1395414000 23.000000
1395417600 25.000000
1395421200 28.000000
