1388473200 -3.000000
1388476800 -6.000000
1388480400 -8.000000
1388484000 -8.000000
1388487600 -7.000000
1388491200 -7.000000
1388494800 -7.000000
1388498400 -7.000000
1388502000 -7.000000
1388505600 -5.000000
1388509200 -3.000000
1388512800 -1.000000
1388516400 0.000000
1388520000 0.000000
1388523600 1.000000
1388527200 0.000000
1388530800 -1.000000
1388534400 -3.000000
1388538000 -2.000000
1388541600 0.000000
1388545200 0.000000
1388548800 0.000000
1388552400 -2.000000
1388556000 -3.000000
1388559600 -3.000000
1388563200 -3.000000
1388566800 -3.000000
1388570400 -4.000000
1388574000 -4.000000
1388577600 -5.000000
1388581200 -6.000000
1388584800 -6.000000
1388588400 -7.000000
1388592000 -6.000000
1388595600 -4.000000
1388599200 -3.000000
1388602800 -1.000000
1388606400 1.000000
1388610000 3.000000
1388613600 4.000000
1388617200 6.000000
1388620800 7.000000
1388624400 8.000000
1388628000 8.000000
1388631600 9.000000
1388635200 5.000000
1388638800 0.000000
1388642400 -3.000000
1388646000 -3.000000
1388649600 -3.000000
1388653200 -3.000000
1388656800 -3.000000
1388660400 -3.000000
1388664000 -3.000000
1388667600 -4.000000
1388671200 -6.000000
1388674800 -7.000000
1388678400 -4.000000
1388682000 -2.000000
1388685600 0.000000
1388689200 0.000000
1388692800 1.000000
1388696400 1.000000
1388700000 0.000000
1388703600 -3.000000
1388707200 -5.000000
1388710800 -3.000000
1388714400 -1.000000
1388718000 0.000000
1388721600 -3.000000
1388725200 -6.000000
1388728800 -10.000000
1388732400 -8.000000
1388736000 -5.000000
1388739600 -3.000000
1388743200 -1.000000
1388746800 1.000000
1388750400 3.000000
1388754000 4.000000
1388757600 6.000000
1388761200 7.000000
1388764800 9.000000
1388768400 12.000000
1388772000 14.000000
1388775600 13.000000
1388779200 13.000000
1388782800 12.000000
1388786400 14.000000
1388790000 16.000000
1388793600 18.000000
1388797200 16.000000
1388800800 14.000000
1388804400 12.000000
1388808000 14.000000
1388811600 16.000000
1388815200 18.000000
1388818800 18.000000
1388822400 18.000000
1388826000 18.000000
1388829600 20.000000
1388833200 23.000000
1388836800 25.000000
1388840400 23.000000
1388844000 20.000000
1388847600 18.000000
1388851200 17.000000
1388854800 17.000000
1388858400 16.000000
1388862000 15.000000
1388865600 13.000000
1388869200 12.000000
1388872800 15.000000
1388876400 18.000000
1388880000 21.000000
1388883600 19.000000
1388887200 18.000000
1388890800 16.000000
1388894400 14.000000
1388898000 12.000000
1388901600 10.000000
1388905200 9.000000
1388908800 8.000000
1388912400 7.000000
1388916000 8.000000
1388919600 9.000000
1388923200 10.000000
1388926800 11.000000
1388930400 11.000000
1388934000 12.000000
1388937600 10.000000
1388941200 9.000000
1388944800 7.000000
1388948400 8.000000
1388952000 9.000000
1388955600 10.000000
1388959200 8.000000
1388962800 5.000000
1388966400 3.000000
1388970000 7.000000
1388973600 10.000000
1388977200 14.000000
1388980800 13.000000
1388984400 11.000000
1388988000 10.000000
1388991600 2.000000
1388995200 -4.000000
1388998800 -12.000000
1389002400 -6.000000
1389006000 0.000000
1389009600 5.000000
1389013200 1.000000
1389016800 -3.000000
1389020400 -7.000000
1389024000 -6.000000
1389027600 -4.000000
1389031200 -3.000000
1389034800 -1.000000
1389038400 0.000000
1389042000 1.000000
1389045600 0.000000
1389049200 0.000000
1389052800 -1.000000
1389056400 -2.000000
1389060000 -2.000000
1389063600 -3.000000
1389067200 -4.000000
1389070800 -4.000000
1389074400 -5.000000
1389078000 -7.000000
1389081600 -10.000000
1389085200 -12.000000
1389088800 -10.000000
1389092400 -7.000000
1389096000 -5.000000
1389099600 -5.000000
1389103200 -5.000000
1389106800 -5.000000
1389110400 -4.000000
1389114000 -2.000000
1389117600 -1.000000
1389121200 2.000000
1389124800 5.000000
1389128400 9.000000
1389132000 8.000000
1389135600 6.000000
1389139200 5.000000
1389142800 2.000000
1389146400 0.000000
1389150000 -3.000000
1389153600 -1.000000
1389157200 0.000000
1389160800 1.000000
1389164400 0.000000
1389168000 -1.000000
1389171600 -3.000000
1389175200 -2.000000
1389178800 -2.000000
1389182400 -1.000000
1389186000 0.000000
1389189600 0.000000
1389193200 1.000000
1389196800 2.000000
1389200400 4.000000
1389204000 5.000000
1389207600 5.000000
1389211200 5.000000
1389214800 5.000000
1389218400 4.000000
1389222000 4.000000
1389225600 3.000000
1389229200 2.000000
1389232800 2.000000
1389236400 1.000000
1389240000 1.000000
1389243600 0.000000
1389247200 0.000000
1389250800 0.000000
1389254400 0.000000
1389258000 0.000000
1389261600 0.000000
1389265200 0.000000
1389268800 0.000000
1389272400 1.000000
1389276000 2.000000
1389279600 3.000000
1389283200 4.000000
1389286800 4.000000
1389290400 5.000000
1389294000 4.000000
1389297600 4.000000
1389301200 3.000000
1389304800 2.000000
1389308400 1.000000
1389312000 0.000000
1389315600 0.000000
1389319200 0.000000
1389322800 0.000000
1389326400 0.000000
1389330000 0.000000
1389333600 -1.000000
