1387515600 16.000000
1387519200 16.000000
1387522800 16.000000
1387526400 16.000000
1387530000 16.000000
1387533600 17.000000
1387537200 17.000000
1387540800 18.000000
1387544400 15.000000
1387548000 13.000000
1387551600 10.000000
1387555200 12.000000
1387558800 14.000000
1387562400 16.000000
1387566000 15.000000
1387569600 13.000000
1387573200 12.000000
1387576800 11.000000
1387580400 10.000000
1387584000 9.000000
1387587600 11.000000
1387591200 14.000000
1387594800 16.000000
1387598400 14.000000
1387602000 12.000000
1387605600 10.000000
1387609200 10.000000
1387612800 10.000000
1387616400 10.000000
1387620000 13.000000
1387623600 15.000000
1387627200 18.000000
1387630800 14.000000
1387634400 11.000000
1387638000 7.000000
1387641600 11.000000
1387645200 15.000000
1387648800 19.000000
1387652400 20.000000
1387656000 20.000000
1387659600 21.000000
1387663200 19.000000
1387666800 18.000000
1387670400 16.000000
1387674000 17.000000
1387677600 17.000000
1387681200 18.000000
1387684800 17.000000
1387688400 17.000000
1387692000 16.000000
1387695600 15.000000
1387699200 15.000000
1387702800 14.000000
1387706400 13.000000
1387710000 11.000000
1387713600 10.000000
1387717200 10.000000
1387720800 10.000000
1387724400 10.000000
1387728000 11.000000
1387731600 11.000000
1387735200 12.000000
1387738800 15.000000
1387742400 18.000000
1387746000 21.000000
1387749600 17.000000
1387753200 13.000000
1387756800 9.000000
1387760400 8.000000
1387764000 6.000000
1387767600 5.000000
1387771200 3.000000
1387774800 0.000000
1387778400 -1.000000
1387782000 -1.000000
1387785600 -1.000000
1387789200 -1.000000
1387792800 -3.000000
1387796400 -5.000000
1387800000 -7.000000
1387803600 -6.000000
1387807200 -6.000000
1387810800 -5.000000
1387814400 -3.000000
1387818000 0.000000
1387821600 1.000000
1387825200 1.000000
1387828800 1.000000
1387832400 1.000000
1387836000 1.000000
1387839600 1.000000
1387843200 1.000000
1387846800 -2.000000
1387850400 -6.000000
1387854000 -10.000000
1387857600 -7.000000
1387861200 -4.000000
1387864800 -1.000000
1387868400 -2.000000
1387872000 -4.000000
1387875600 -5.000000
1387879200 -5.000000
1387882800 -5.000000
1387886400 -5.000000
1387890000 -5.000000
1387893600 -5.000000
1387897200 -5.000000
1387900800 2.000000
1387904400 10.000000
1387908000 18.000000
1387911600 18.000000
1387915200 19.000000
1387918800 19.000000
1387922400 18.000000
1387926000 17.000000
1387929600 16.000000
1387933200 17.000000
1387936800 17.000000
1387940400 18.000000
1387944000 18.000000
1387947600 18.000000
1387951200 18.000000
1387954800 18.000000
1387958400 19.000000
1387962000 19.000000
1387965600 18.000000
1387969200 17.000000
1387972800 16.000000
1387976400 17.000000
1387980000 17.000000
1387983600 18.000000
1387987200 18.000000
1387990800 19.000000
1387994400 19.000000
1387998000 20.000000
1388001600 22.000000
1388005200 23.000000
1388008800 21.000000
1388012400 20.000000
1388016000 18.000000
1388019600 16.000000
1388023200 14.000000
1388026800 12.000000
1388030400 15.000000
1388034000 18.000000
1388037600 21.000000
1388041200 14.000000
1388044800 7.000000
1388048400 0.000000
1388052000 0.000000
1388055600 0.000000
1388059200 0.000000
1388062800 1.000000
1388066400 2.000000
1388070000 3.000000
1388073600 2.000000
1388077200 2.000000
1388080800 1.000000
1388084400 2.000000
1388088000 4.000000
1388091600 5.000000
1388095200 0.000000
1388098800 -6.000000
1388102400 -12.000000
1388106000 -7.000000
1388109600 -1.000000
1388113200 3.000000
1388116800 3.000000
1388120400 3.000000
1388124000 3.000000
1388127600 4.000000
1388131200 4.000000
1388134800 5.000000
1388138400 5.000000
1388142000 5.000000
1388145600 5.000000
1388149200 6.000000
1388152800 8.000000
1388156400 9.000000
1388160000 11.000000
1388163600 12.000000
1388167200 14.000000
1388170800 13.000000
1388174400 13.000000
1388178000 12.000000
1388181600 11.000000
1388185200 11.000000
1388188800 10.000000
1388192400 11.000000
1388196000 11.000000
1388199600 12.000000
1388203200 12.000000
1388206800 12.000000
1388210400 12.000000
1388214000 11.000000
1388217600 11.000000
1388221200 10.000000
1388224800 10.000000
1388228400 9.000000
1388232000 9.000000
1388235600 11.000000
1388239200 12.000000
1388242800 14.000000
1388246400 15.000000
1388250000 15.000000
1388253600 16.000000
1388257200 15.000000
1388260800 15.000000
1388264400 14.000000
1388268000 13.000000
1388271600 13.000000
1388275200 12.000000
1388278800 12.000000
1388282400 12.000000
1388286000 12.000000
1388289600 8.000000
1388293200 4.000000
1388296800 0.000000
1388300400 3.000000
1388304000 6.000000
1388307600 9.000000
1388311200 9.000000
1388314800 9.000000
1388318400 9.000000
1388322000 9.000000
1388325600 10.000000
1388329200 10.000000
1388332800 11.000000
1388336400 13.000000
1388340000 14.000000
1388343600 13.000000
1388347200 11.000000
1388350800 10.000000
1388354400 10.000000
1388358000 9.000000
1388361600 9.000000
1388365200 8.000000
1388368800 8.000000
1388372400 7.000000
1388376000 6.000000
