1390060800 15.000000
1390064400 15.000000
1390068000 16.000000
1390071600 19.000000
1390075200 22.000000
1390078800 25.000000
1390082400 23.000000
1390086000 20.000000
1390089600 18.000000
1390093200 17.000000
1390096800 17.000000
1390100400 16.000000
1390104000 16.000000
1390107600 16.000000
1390111200 16.000000
1390114800 17.000000
1390118400 18.000000
1390122000 19.000000
1390125600 20.000000
1390129200 20.000000
1390132800 21.000000
1390136400 22.000000
1390140000 24.000000
1390143600 25.000000
1390147200 28.000000
1390150800 31.000000
1390154400 34.000000
1390158000 34.000000
1390161600 34.000000
1390165200 34.000000
1390168800 34.000000
1390172400 34.000000
1390176000 34.000000
1390179600 30.000000
1390183200 27.000000
1390186800 23.000000
1390190400 21.000000
1390194000 20.000000
1390197600 18.000000
1390201200 18.000000
1390204800 18.000000
1390208400 18.000000
1390212000 17.000000
1390215600 17.000000
1390219200 16.000000
1390222800 15.000000
1390226400 13.000000
1390230000 12.000000
1390233600 11.000000
1390237200 11.000000
1390240800 10.000000
1390244400 10.000000
1390248000 9.000000
1390251600 9.000000
1390255200 9.000000
1390258800 9.000000
1390262400 9.000000
1390266000 6.000000
1390269600 4.000000
1390273200 1.000000
1390276800 0.000000
1390280400 -1.000000
1390284000 -3.000000
1390287600 -4.000000
1390291200 -4.000000
1390294800 -5.000000
1390298400 -6.000000
1390302000 -7.000000
1390305600 -8.000000
1390309200 -8.000000
1390312800 -7.000000
1390316400 -7.000000
1390320000 -6.000000
1390323600 -4.000000
1390327200 -3.000000
1390330800 -3.000000
1390334400 -3.000000
1390338000 -3.000000
1390341600 -3.000000
1390345200 -3.000000
1390348800 -3.000000
1390352400 -1.000000
1390356000 0.000000
1390359600 1.000000
1390363200 0.000000
1390366800 0.000000
1390370400 -1.000000
1390374000 0.000000
1390377600 0.000000
1390381200 1.000000
1390384800 1.000000
1390388400 1.000000
1390392000 1.000000
1390395600 2.000000
1390399200 2.000000
1390402800 3.000000
1390406400 1.000000
1390410000 0.000000
1390413600 -1.000000
1390417200 -2.000000
1390420800 -2.000000
1390424400 -3.000000
1390428000 -1.000000
1390431600 0.000000
1390435200 1.000000
1390438800 -1.000000
1390442400 -4.000000
1390446000 -7.000000
1390449600 -9.000000
1390453200 -10.000000
1390456800 -12.000000
1390460400 -13.000000
1390464000 -13.000000
1390467600 -14.000000
1390471200 -15.000000
1390474800 -15.000000
1390478400 -16.000000
1390482000 -16.000000
1390485600 -16.000000
1390489200 -16.000000
1390492800 -10.000000
1390496400 -5.000000
1390500000 0.000000
1390503600 1.000000
1390507200 2.000000
1390510800 3.000000
1390514400 2.000000
1390518000 1.000000
1390521600 0.000000
1390525200 0.000000
1390528800 1.000000
1390532400 1.000000
1390536000 1.000000
1390539600 1.000000
1390543200 1.000000
1390546800 2.000000
1390550400 2.000000
1390554000 3.000000
1390557600 3.000000
1390561200 3.000000
1390564800 3.000000
1390568400 5.000000
1390572000 7.000000
1390575600 9.000000
1390579200 10.000000
1390582800 11.000000
1390586400 12.000000
1390590000 14.000000
1390593600 16.000000
1390597200 18.000000
1390600800 17.000000
1390604400 15.000000
1390608000 14.000000
1390611600 13.000000
1390615200 13.000000
1390618800 12.000000
1390622400 12.000000
1390626000 12.000000
1390629600 12.000000
1390633200 11.000000
1390636800 11.000000
1390640400 10.000000
1390644000 10.000000
1390647600 10.000000
1390651200 10.000000
1390654800 11.000000
1390658400 11.000000
1390662000 12.000000
1390665600 13.000000
1390669200 13.000000
1390672800 14.000000
1390676400 13.000000
1390680000 13.000000
1390683600 12.000000
1390687200 11.000000
1390690800 11.000000
1390694400 10.000000
1390698000 9.000000
1390701600 8.000000
1390705200 7.000000
1390708800 7.000000
1390712400 7.000000
1390716000 7.000000
1390719600 6.000000
1390723200 4.000000
1390726800 3.000000
1390730400 2.000000
1390734000 1.000000
1390737600 0.000000
1390741200 1.000000
1390744800 2.000000
1390748400 3.000000
1390752000 4.000000
1390755600 4.000000
1390759200 5.000000
1390762800 4.000000
1390766400 4.000000
1390770000 3.000000
1390773600 2.000000
1390777200 2.000000
1390780800 1.000000
1390784400 1.000000
1390788000 0.000000
1390791600 0.000000
1390795200 0.000000
1390798800 0.000000
1390802400 0.000000
1390806000 0.000000
1390809600 0.000000
1390813200 -1.000000
1390816800 -2.000000
1390820400 -2.000000
1390824000 -3.000000
1390827600 -2.000000
1390831200 0.000000
1390834800 0.000000
1390838400 1.000000
1390842000 2.000000
1390845600 3.000000
1390849200 3.000000
1390852800 3.000000
1390856400 3.000000
1390860000 2.000000
1390863600 2.000000
1390867200 1.000000
1390870800 1.000000
1390874400 0.000000
1390878000 0.000000
1390881600 0.000000
1390885200 0.000000
1390888800 -1.000000
1390892400 -2.000000
1390896000 -2.000000
1390899600 -3.000000
1390903200 -3.000000
1390906800 -3.000000
1390910400 -3.000000
1390914000 -1.000000
1390917600 0.000000
1390921200 1.000000
