1390233600 13.000000
1390237200 13.000000
1390240800 12.000000
1390244400 10.000000
1390248000 7.000000
1390251600 5.000000
1390255200 4.000000
1390258800 2.000000
1390262400 1.000000
1390266000 1.000000
1390269600 0.000000
1390273200 0.000000
1390276800 -2.000000
1390280400 -4.000000
1390284000 -7.000000
1390287600 -7.000000
1390291200 -7.000000
1390294800 -7.000000
1390298400 -9.000000
1390302000 -10.000000
1390305600 -12.000000
1390309200 -11.000000
1390312800 -11.000000
1390316400 -10.000000
1390320000 -8.000000
1390323600 -5.000000
1390327200 -3.000000
1390330800 -1.000000
1390334400 0.000000
1390338000 1.000000
1390341600 1.000000
1390345200 0.000000
1390348800 0.000000
1390352400 0.000000
1390356000 0.000000
1390359600 0.000000
1390363200 1.000000
1390366800 2.000000
1390370400 3.000000
1390374000 3.000000
1390377600 3.000000
1390381200 3.000000
1390384800 3.000000
1390388400 3.000000
1390392000 3.000000
1390395600 2.000000
1390399200 2.000000
1390402800 1.000000
1390406400 3.000000
1390410000 5.000000
1390413600 7.000000
1390417200 6.000000
1390420800 6.000000
1390424400 5.000000
1390428000 4.000000
1390431600 4.000000
1390435200 3.000000
1390438800 1.000000
1390442400 -1.000000
1390446000 -3.000000
1390449600 -4.000000
1390453200 -4.000000
1390456800 -5.000000
1390460400 -5.000000
1390464000 -5.000000
1390467600 -5.000000
1390471200 -7.000000
1390474800 -8.000000
1390478400 -10.000000
1390482000 -11.000000
1390485600 -11.000000
1390489200 -12.000000
1390492800 -10.000000
1390496400 -9.000000
1390500000 -7.000000
1390503600 -6.000000
1390507200 -6.000000
1390510800 -5.000000
1390514400 -4.000000
1390518000 -2.000000
1390521600 -1.000000
1390525200 -5.000000
1390528800 -10.000000
1390532400 -14.000000
1390536000 -10.000000
1390539600 -7.000000
1390543200 -3.000000
1390546800 -2.000000
1390550400 0.000000
1390554000 0.000000
1390557600 2.000000
1390561200 3.000000
1390564800 5.000000
1390568400 7.000000
1390572000 8.000000
1390575600 10.000000
1390579200 12.000000
1390582800 14.000000
1390586400 16.000000
1390590000 17.000000
1390593600 18.000000
1390597200 19.000000
1390600800 21.000000
1390604400 23.000000
1390608000 25.000000
1390611600 23.000000
1390615200 21.000000
1390618800 19.000000
1390622400 20.000000
1390626000 22.000000
1390629600 23.000000
1390633200 25.000000
1390636800 26.000000
1390640400 28.000000
1390644000 25.000000
1390647600 21.000000
1390651200 18.000000
1390654800 17.000000
1390658400 17.000000
1390662000 16.000000
1390665600 16.000000
1390669200 16.000000
1390672800 16.000000
1390676400 16.000000
1390680000 16.000000
1390683600 16.000000
1390687200 13.000000
1390690800 10.000000
1390694400 7.000000
1390698000 11.000000
1390701600 15.000000
1390705200 19.000000
1390708800 16.000000
1390712400 12.000000
1390716000 9.000000
1390719600 8.000000
1390723200 8.000000
1390726800 7.000000
1390730400 7.000000
1390734000 7.000000
1390737600 7.000000
1390741200 7.000000
1390744800 7.000000
1390748400 7.000000
1390752000 8.000000
1390755600 8.000000
1390759200 9.000000
1390762800 8.000000
1390766400 8.000000
1390770000 7.000000
1390773600 6.000000
1390777200 4.000000
1390780800 3.000000
1390784400 3.000000
1390788000 3.000000
1390791600 3.000000
1390795200 2.000000
1390798800 1.000000
1390802400 0.000000
1390806000 0.000000
1390809600 0.000000
1390813200 -1.000000
1390816800 -2.000000
1390820400 -2.000000
1390824000 -3.000000
1390827600 -2.000000
1390831200 -2.000000
1390834800 -1.000000
1390838400 0.000000
1390842000 0.000000
1390845600 1.000000
1390849200 1.000000
1390852800 1.000000
1390856400 1.000000
1390860000 1.000000
1390863600 0.000000
1390867200 0.000000
1390870800 0.000000
1390874400 -2.000000
1390878000 -3.000000
1390881600 -4.000000
1390885200 -4.000000
1390888800 -5.000000
1390892400 -5.000000
1390896000 -5.000000
1390899600 -5.000000
1390903200 -6.000000
1390906800 -6.000000
1390910400 -7.000000
1390914000 -5.000000
1390917600 -3.000000
1390921200 -1.000000
1390924800 0.000000
1390928400 0.000000
1390932000 1.000000
1390935600 1.000000
1390939200 1.000000
1390942800 1.000000
1390946400 1.000000
1390950000 0.000000
1390953600 0.000000
1390957200 0.000000
1390960800 0.000000
1390964400 -1.000000
1390968000 -1.000000
1390971600 -1.000000
1390975200 -1.000000
1390978800 -2.000000
1390982400 -2.000000
1390986000 -3.000000
1390989600 -3.000000
1390993200 -3.000000
1390996800 -3.000000
1391000400 -1.000000
1391004000 0.000000
1391007600 1.000000
1391011200 3.000000
1391014800 5.000000
1391018400 7.000000
1391022000 6.000000
1391025600 6.000000
1391029200 5.000000
1391032800 5.000000
1391036400 5.000000
1391040000 5.000000
1391043600 5.000000
1391047200 5.000000
1391050800 5.000000
1391054400 5.000000
1391058000 5.000000
1391061600 5.000000
1391065200 5.000000
1391068800 5.000000
1391072400 5.000000
1391076000 6.000000
1391079600 6.000000
1391083200 7.000000
1391086800 8.000000
1391090400 9.000000
1391094000 10.000000
