1395079200 28.000000
1395082800 31.000000
1395086400 34.000000
1395090000 37.000000
1395093600 37.000000
1395097200 36.000000
1395100800 36.000000
1395104400 35.000000
1395108000 35.000000
1395111600 34.000000
1395115200 33.000000
1395118800 33.000000
1395122400 32.000000
1395126000 31.000000
1395129600 31.000000
1395133200 30.000000
1395136800 30.000000
1395140400 30.000000
1395144000 30.000000
1395147600 31.000000
1395151200 33.000000
1395154800 34.000000
1395158400 35.000000
1395162000 36.000000
1395165600 37.000000
1395169200 37.000000
1395172800 36.000000
1395176400 36.000000
1395180000 36.000000
1395183600 37.000000
1395187200 37.000000
1395190800 37.000000
1395194400 36.000000
1395198000 36.000000
1395201600 36.000000
1395205200 36.000000
1395208800 36.000000
1395212400 34.000000
1395216000 32.000000
1395219600 30.000000
1395223200 29.000000
1395226800 29.000000
1395230400 28.000000
1395234000 29.000000
1395237600 29.000000
1395241200 30.000000
1395244800 31.000000
1395248400 33.000000
1395252000 34.000000
1395255600 35.000000
1395259200 36.000000
1395262800 37.000000
1395266400 36.000000
1395270000 35.000000
1395273600 34.000000
1395277200 32.000000
1395280800 30.000000
1395284400 28.000000
1395288000 28.000000
1395291600 27.000000
1395295200 27.000000
1395298800 26.000000
1395302400 24.000000
1395306000 23.000000
1395309600 22.000000
1395313200 22.000000
1395316800 21.000000
1395320400 24.000000
1395324000 27.000000
1395327600 30.000000
1395331200 33.000000
1395334800 36.000000
1395338400 39.000000
1395342000 39.000000
1395345600 39.000000
1395349200 39.000000
1395352800 38.000000
1395356400 37.000000
1395360000 36.000000
1395363600 35.000000
1395367200 35.000000
1395370800 34.000000
1395374400 33.000000
1395378000 31.000000
1395381600 30.000000
1395385200 30.000000
1395388800 30.000000
1395392400 30.000000
1395396000 29.000000
1395399600 29.000000
1395403200 28.000000
1395406800 31.000000
1395410400 33.000000
1395414000 36.000000
1395417600 37.000000
1395421200 38.000000
1395424800 39.000000
1395428400 37.000000
1395432000 36.000000
1395435600 34.000000
1395439200 35.000000
1395442800 36.000000
1395446400 37.000000
1395450000 37.000000
1395453600 36.000000
1395457200 36.000000
1395460800 35.000000
1395464400 33.000000
1395468000 32.000000
1395471600 29.000000
1395475200 26.000000
1395478800 23.000000
1395482400 22.000000
1395486000 20.000000
1395489600 19.000000
1395493200 17.000000
1395496800 14.000000
1395500400 12.000000
1395504000 14.000000
1395507600 16.000000
1395511200 18.000000
1395514800 19.000000
1395518400 20.000000
1395522000 21.000000
1395525600 19.000000
1395529200 16.000000
1395532800 14.000000
1395536400 17.000000
1395540000 20.000000
1395543600 23.000000
1395547200 21.000000
1395550800 20.000000
1395554400 18.000000
1395558000 16.000000
1395561600 14.000000
1395565200 12.000000
1395568800 10.000000
1395572400 9.000000
1395576000 7.000000
1395579600 9.000000
1395583200 12.000000
1395586800 14.000000
1395590400 19.000000
1395594000 23.000000
1395597600 28.000000
1395601200 26.000000
1395604800 25.000000
1395608400 23.000000
1395612000 25.000000
1395615600 28.000000
1395619200 30.000000
1395622800 26.000000
1395626400 23.000000
1395630000 19.000000
1395633600 18.000000
1395637200 17.000000
1395640800 16.000000
1395644400 15.000000
1395648000 15.000000
1395651600 14.000000
1395655200 18.000000
1395658800 21.000000
1395662400 25.000000
1395666000 22.000000
1395669600 19.000000
1395673200 16.000000
1395676800 19.000000
1395680400 22.000000
1395684000 25.000000
1395687600 29.000000
1395691200 32.000000
1395694800 36.000000
1395698400 36.000000
1395702000 36.000000
1395705600 36.000000
1395709200 35.000000
1395712800 33.000000
1395716400 32.000000
1395720000 30.000000
1395723600 29.000000
1395727200 27.000000
1395730800 26.000000
1395734400 26.000000
1395738000 25.000000
1395741600 20.000000
1395745200 14.000000
1395748800 9.000000
1395752400 11.000000
1395756000 14.000000
1395759600 16.000000
1395763200 18.000000
1395766800 19.000000
1395770400 21.000000
1395774000 26.000000
1395777600 31.000000
1395781200 36.000000
1395784800 36.000000
1395788400 36.000000
1395792000 36.000000
1395795600 35.000000
1395799200 33.000000
1395802800 32.000000
1395806400 31.000000
1395810000 31.000000
1395813600 30.000000
1395817200 25.000000
1395820800 21.000000
1395824400 16.000000
1395828000 16.000000
1395831600 16.000000
1395835200 16.000000
1395838800 17.000000
1395842400 18.000000
1395846000 19.000000
1395849600 21.000000
1395853200 23.000000
1395856800 25.000000
1395860400 29.000000
1395864000 33.000000
1395867600 37.000000
1395871200 37.000000
1395874800 36.000000
1395878400 36.000000
1395882000 35.000000
1395885600 33.000000
1395889200 32.000000
1395892800 28.000000
1395896400 23.000000
1395900000 19.000000
1395903600 18.000000
1395907200 17.000000
1395910800 16.000000
1395914400 15.000000
1395918000 15.000000
1395921600 14.000000
1395925200 16.000000
1395928800 17.000000
1395932400 19.000000
1395936000 20.000000
1395939600 22.000000
