1387429200 27.000000
1387432800 27.000000
1387436400 26.000000
1387440000 26.000000
1387443600 25.000000
1387447200 22.000000
1387450800 19.000000
1387454400 16.000000
1387458000 15.000000
1387461600 15.000000
1387465200 14.000000
1387468800 14.000000
1387472400 14.000000
1387476000 14.000000
1387479600 15.000000
1387483200 15.000000
1387486800 16.000000
1387490400 16.000000
1387494000 16.000000
1387497600 16.000000
1387501200 16.000000
1387504800 16.000000
1387508400 16.000000
1387512000 15.000000
1387515600 13.000000
1387519200 12.000000
1387522800 12.000000
1387526400 12.000000
1387530000 12.000000
1387533600 11.000000
1387537200 10.000000
1387540800 9.000000
1387544400 9.000000
1387548000 10.000000
1387551600 10.000000
1387555200 11.000000
1387558800 13.000000
1387562400 14.000000
1387566000 13.000000
1387569600 11.000000
1387573200 10.000000
1387576800 11.000000
1387580400 11.000000
1387584000 12.000000
1387587600 13.000000
1387591200 15.000000
1387594800 16.000000
1387598400 13.000000
1387602000 10.000000
1387605600 7.000000
1387609200 9.000000
1387612800 10.000000
1387616400 12.000000
1387620000 10.000000
1387623600 9.000000
1387627200 7.000000
1387630800 9.000000
1387634400 10.000000
1387638000 12.000000
1387641600 14.000000
1387645200 16.000000
1387648800 18.000000
1387652400 17.000000
1387656000 17.000000
1387659600 16.000000
1387663200 16.000000
1387666800 16.000000
1387670400 16.000000
1387674000 18.000000
1387677600 19.000000
1387681200 21.000000
1387684800 17.000000
1387688400 13.000000
1387692000 9.000000
1387695600 13.000000
1387699200 17.000000
1387702800 21.000000
1387706400 20.000000
1387710000 19.000000
1387713600 18.000000
1387717200 15.000000
1387720800 12.000000
1387724400 9.000000
1387728000 12.000000
1387731600 16.000000
1387735200 19.000000
1387738800 20.000000
1387742400 20.000000
1387746000 21.000000
1387749600 17.000000
1387753200 13.000000
1387756800 9.000000
1387760400 11.000000
1387764000 12.000000
1387767600 14.000000
1387771200 10.000000
1387774800 7.000000
1387778400 3.000000
1387782000 1.000000
1387785600 -1.000000
1387789200 -3.000000
1387792800 -4.000000
1387796400 -4.000000
1387800000 -5.000000
1387803600 -4.000000
1387807200 -4.000000
1387810800 -3.000000
1387814400 0.000000
1387818000 2.000000
1387821600 5.000000
1387825200 6.000000
1387828800 6.000000
1387832400 7.000000
1387836000 5.000000
1387839600 3.000000
1387843200 1.000000
1387846800 2.000000
1387850400 4.000000
1387854000 5.000000
1387857600 5.000000
1387861200 5.000000
1387864800 5.000000
1387868400 6.000000
1387872000 8.000000
1387875600 9.000000
1387879200 8.000000
1387882800 8.000000
1387886400 7.000000
1387890000 9.000000
1387893600 10.000000
1387897200 12.000000
1387900800 11.000000
1387904400 10.000000
1387908000 9.000000
1387911600 14.000000
1387915200 18.000000
1387918800 23.000000
1387922400 22.000000
1387926000 20.000000
1387929600 19.000000
1387933200 19.000000
1387936800 19.000000
1387940400 19.000000
1387944000 19.000000
1387947600 19.000000
1387951200 19.000000
1387954800 19.000000
1387958400 18.000000
1387962000 18.000000
1387965600 12.000000
1387969200 7.000000
1387972800 1.000000
1387976400 5.000000
1387980000 8.000000
1387983600 12.000000
1387987200 13.000000
1387990800 15.000000
1387994400 16.000000
1387998000 18.000000
1388001600 19.000000
1388005200 21.000000
1388008800 20.000000
1388012400 19.000000
1388016000 18.000000
1388019600 18.000000
1388023200 18.000000
1388026800 18.000000
1388030400 17.000000
1388034000 17.000000
1388037600 16.000000
1388041200 15.000000
1388044800 15.000000
1388048400 14.000000
1388052000 10.000000
1388055600 5.000000
1388059200 1.000000
1388062800 3.000000
1388066400 5.000000
1388070000 7.000000
1388073600 9.000000
1388077200 10.000000
1388080800 12.000000
1388084400 11.000000
1388088000 10.000000
1388091600 9.000000
1388095200 8.000000
1388098800 8.000000
1388102400 7.000000
1388106000 7.000000
1388109600 7.000000
1388113200 7.000000
1388116800 6.000000
1388120400 6.000000
1388124000 5.000000
1388127600 5.000000
1388131200 5.000000
1388134800 5.000000
1388138400 6.000000
1388142000 6.000000
1388145600 7.000000
1388149200 9.000000
1388152800 10.000000
1388156400 12.000000
1388160000 13.000000
1388163600 15.000000
1388167200 16.000000
1388170800 16.000000
1388174400 16.000000
1388178000 16.000000
1388181600 16.000000
1388185200 16.000000
1388188800 16.000000
1388192400 15.000000
1388196000 15.000000
1388199600 14.000000
1388203200 14.000000
1388206800 14.000000
1388210400 14.000000
1388214000 14.000000
1388217600 14.000000
1388221200 14.000000
1388224800 14.000000
1388228400 14.000000
1388232000 14.000000
1388235600 15.000000
1388239200 17.000000
1388242800 18.000000
1388246400 19.000000
1388250000 20.000000
1388253600 21.000000
1388257200 20.000000
1388260800 20.000000
1388264400 19.000000
1388268000 19.000000
1388271600 18.000000
1388275200 18.000000
1388278800 18.000000
1388282400 18.000000
1388286000 18.000000
1388289600 17.000000
