1388422800 -2.000000
1388426400 0.000000
1388430000 1.000000
1388433600 2.000000
1388437200 3.000000
1388440800 3.000000
1388444400 3.000000
1388448000 3.000000
1388451600 2.000000
1388455200 2.000000
1388458800 1.000000
1388462400 0.000000
1388466000 -3.000000
1388469600 -5.000000
1388473200 -3.000000
1388476800 -1.000000
1388480400 0.000000
1388484000 -1.000000
1388487600 -3.000000
1388491200 -5.000000
1388494800 -5.000000
1388498400 -5.000000
1388502000 -5.000000
1388505600 -5.000000
1388509200 -5.000000
1388512800 -5.000000
1388516400 -4.000000
1388520000 -2.000000
1388523600 -1.000000
1388527200 -1.000000
1388530800 -1.000000
1388534400 -1.000000
1388538000 -3.000000
1388541600 -5.000000
1388545200 -7.000000
1388548800 -8.000000
1388552400 -9.000000
1388556000 -10.000000
1388559600 -8.000000
1388563200 -5.000000
1388566800 -3.000000
1388570400 -2.000000
1388574000 0.000000
1388577600 0.000000
1388581200 0.000000
1388584800 0.000000
1388588400 -1.000000
1388592000 0.000000
1388595600 1.000000
1388599200 3.000000
1388602800 4.000000
1388606400 4.000000
1388610000 5.000000
1388613600 6.000000
1388617200 8.000000
1388620800 9.000000
1388624400 9.000000
1388628000 9.000000
1388631600 9.000000
1388635200 5.000000
1388638800 2.000000
1388642400 -1.000000
1388646000 -2.000000
1388649600 -2.000000
1388653200 -3.000000
1388656800 -4.000000
1388660400 -4.000000
1388664000 -5.000000
1388667600 -5.000000
1388671200 -5.000000
1388674800 -5.000000
1388678400 -2.000000
1388682000 0.000000
1388685600 3.000000
1388689200 8.000000
1388692800 13.000000
1388696400 18.000000
1388700000 11.000000
1388703600 3.000000
1388707200 -3.000000
1388710800 -4.000000
1388714400 -4.000000
1388718000 -5.000000
1388721600 -3.000000
1388725200 -1.000000
1388728800 0.000000
1388732400 0.000000
1388736000 -2.000000
1388739600 -3.000000
1388743200 -3.000000
1388746800 -3.000000
1388750400 -3.000000
1388754000 -1.000000
1388757600 0.000000
1388761200 1.000000
1388764800 8.000000
1388768400 16.000000
1388772000 23.000000
1388775600 26.000000
1388779200 29.000000
1388782800 32.000000
1388786400 31.000000
1388790000 29.000000
1388793600 28.000000
1388797200 26.000000
1388800800 25.000000
1388804400 23.000000
1388808000 24.000000
1388811600 24.000000
1388815200 25.000000
1388818800 24.000000
1388822400 22.000000
1388826000 21.000000
1388829600 21.000000
1388833200 21.000000
1388836800 21.000000
1388840400 22.000000
1388844000 22.000000
1388847600 23.000000
1388851200 23.000000
1388854800 23.000000
1388858400 23.000000
1388862000 27.000000
1388865600 32.000000
1388869200 36.000000
1388872800 34.000000
1388876400 32.000000
1388880000 30.000000
1388883600 29.000000
1388887200 28.000000
1388890800 27.000000
1388894400 26.000000
1388898000 26.000000
1388901600 25.000000
1388905200 24.000000
1388908800 22.000000
1388912400 21.000000
1388916000 20.000000
1388919600 20.000000
1388923200 19.000000
1388926800 19.000000
1388930400 19.000000
1388934000 19.000000
1388937600 20.000000
1388941200 20.000000
1388944800 21.000000
1388948400 25.000000
1388952000 30.000000
1388955600 34.000000
1388959200 23.000000
1388962800 11.000000
1388966400 0.000000
1388970000 7.000000
1388973600 14.000000
1388977200 21.000000
1388980800 19.000000
1388984400 18.000000
1388988000 16.000000
1388991600 15.000000
1388995200 13.000000
1388998800 12.000000
1389002400 11.000000
1389006000 11.000000
1389009600 10.000000
1389013200 13.000000
1389016800 15.000000
1389020400 18.000000
1389024000 11.000000
1389027600 5.000000
1389031200 -1.000000
1389034800 -2.000000
1389038400 -2.000000
1389042000 -3.000000
1389045600 -1.000000
1389049200 1.000000
1389052800 3.000000
1389056400 0.000000
1389060000 -3.000000
1389063600 -7.000000
1389067200 -7.000000
1389070800 -8.000000
1389074400 -8.000000
1389078000 -9.000000
1389081600 -9.000000
1389085200 -10.000000
1389088800 -10.000000
1389092400 -10.000000
1389096000 -10.000000
1389099600 -9.000000
1389103200 -8.000000
1389106800 -7.000000
1389110400 -5.000000
1389114000 -3.000000
1389117600 -1.000000
1389121200 -1.000000
1389124800 -1.000000
1389128400 -1.000000
1389132000 -1.000000
1389135600 -1.000000
1389139200 -1.000000
1389142800 -2.000000
1389146400 -2.000000
1389150000 -3.000000
1389153600 -3.000000
1389157200 -3.000000
1389160800 -3.000000
1389164400 -3.000000
1389168000 -3.000000
1389171600 -3.000000
1389175200 -3.000000
1389178800 -3.000000
1389182400 -3.000000
1389186000 -2.000000
1389189600 -2.000000
1389193200 -1.000000
1389196800 0.000000
1389200400 0.000000
1389204000 1.000000
1389207600 1.000000
1389211200 0.000000
1389214800 0.000000
1389218400 0.000000
1389222000 0.000000
1389225600 -1.000000
1389229200 -2.000000
1389232800 -2.000000
1389236400 -3.000000
1389240000 -4.000000
1389243600 -4.000000
1389247200 -5.000000
1389250800 -4.000000
1389254400 -4.000000
1389258000 -3.000000
1389261600 -3.000000
1389265200 -3.000000
1389268800 -3.000000
1389272400 -2.000000
1389276000 0.000000
1389279600 0.000000
1389283200 2.000000
