1389758400 11.000000
1389762000 11.000000
1389765600 10.000000
1389769200 8.000000
1389772800 7.000000
1389776400 5.000000
1389780000 7.000000
1389783600 8.000000
1389787200 10.000000
1389790800 9.000000
1389794400 8.000000
1389798000 7.000000
1389801600 7.000000
1389805200 7.000000
1389808800 7.000000
1389812400 8.000000
1389816000 9.000000
1389819600 10.000000
1389823200 12.000000
1389826800 14.000000
1389830400 16.000000
1389834000 19.000000
1389837600 22.000000
1389841200 25.000000
1389844800 27.000000
1389848400 28.000000
1389852000 30.000000
1389855600 30.000000
1389859200 30.000000
1389862800 30.000000
1389866400 31.000000
1389870000 31.000000
1389873600 32.000000
1389877200 33.000000
1389880800 33.000000
1389884400 34.000000
1389888000 32.000000
1389891600 29.000000
1389895200 27.000000
1389898800 24.000000
1389902400 21.000000
1389906000 18.000000
1389909600 17.000000
1389913200 17.000000
1389916800 16.000000
1389920400 14.000000
1389924000 11.000000
1389927600 9.000000
1389931200 7.000000
1389934800 5.000000
1389938400 3.000000
1389942000 2.000000
1389945600 2.000000
1389949200 1.000000
1389952800 4.000000
1389956400 6.000000
1389960000 9.000000
1389963600 8.000000
1389967200 8.000000
1389970800 7.000000
1389974400 7.000000
1389978000 7.000000
1389981600 7.000000
1389985200 9.000000
1389988800 10.000000
1389992400 12.000000
1389996000 14.000000
1389999600 16.000000
1390003200 18.000000
1390006800 18.000000
1390010400 18.000000
1390014000 18.000000
1390017600 17.000000
1390021200 15.000000
1390024800 14.000000
1390028400 15.000000
1390032000 15.000000
1390035600 16.000000
1390039200 18.000000
1390042800 19.000000
1390046400 21.000000
1390050000 19.000000
1390053600 16.000000
1390057200 14.000000
1390060800 17.000000
1390064400 20.000000
1390068000 23.000000
1390071600 24.000000
1390075200 24.000000
1390078800 25.000000
1390082400 24.000000
1390086000 24.000000
1390089600 23.000000
1390093200 22.000000
1390096800 20.000000
1390100400 19.000000
1390104000 19.000000
1390107600 18.000000
1390111200 18.000000
1390114800 21.000000
1390118400 24.000000
1390122000 27.000000
1390125600 25.000000
1390129200 23.000000
1390132800 21.000000
1390136400 21.000000
1390140000 21.000000
1390143600 21.000000
1390147200 24.000000
1390150800 27.000000
1390154400 30.000000
1390158000 32.000000
1390161600 35.000000
1390165200 37.000000
1390168800 34.000000
1390172400 31.000000
1390176000 28.000000
1390179600 28.000000
1390183200 27.000000
1390186800 27.000000
1390190400 26.000000
1390194000 26.000000
1390197600 25.000000
1390201200 23.000000
1390204800 21.000000
1390208400 19.000000
1390212000 20.000000
1390215600 20.000000
1390219200 21.000000
1390222800 20.000000
1390226400 20.000000
1390230000 19.000000
1390233600 25.000000
1390237200 31.000000
1390240800 37.000000
1390244400 37.000000
1390248000 37.000000
1390251600 37.000000
1390255200 36.000000
1390258800 35.000000
1390262400 34.000000
1390266000 33.000000
1390269600 33.000000
1390273200 32.000000
1390276800 31.000000
1390280400 29.000000
1390284000 28.000000
1390287600 23.000000
1390291200 17.000000
1390294800 12.000000
1390298400 13.000000
1390302000 15.000000
1390305600 16.000000
1390309200 17.000000
1390312800 17.000000
1390316400 18.000000
1390320000 18.000000
1390323600 18.000000
1390327200 18.000000
1390330800 18.000000
1390334400 19.000000
1390338000 19.000000
1390341600 19.000000
1390345200 18.000000
1390348800 18.000000
1390352400 17.000000
1390356000 15.000000
1390359600 14.000000
1390363200 13.000000
1390366800 13.000000
1390370400 12.000000
1390374000 6.000000
1390377600 0.000000
1390381200 -5.000000
1390384800 -2.000000
1390388400 0.000000
1390392000 3.000000
1390395600 4.000000
1390399200 4.000000
1390402800 5.000000
1390406400 7.000000
1390410000 8.000000
1390413600 10.000000
1390417200 11.000000
1390420800 13.000000
1390424400 14.000000
1390428000 13.000000
1390431600 13.000000
1390435200 12.000000
1390438800 11.000000
1390442400 10.000000
1390446000 9.000000
1390449600 8.000000
1390453200 6.000000
1390456800 5.000000
1390460400 7.000000
1390464000 10.000000
1390467600 12.000000
1390471200 12.000000
1390474800 12.000000
1390478400 12.000000
1390482000 10.000000
1390485600 7.000000
1390489200 5.000000
1390492800 10.000000
1390496400 16.000000
1390500000 21.000000
1390503600 20.000000
1390507200 20.000000
1390510800 19.000000
1390514400 19.000000
1390518000 18.000000
1390521600 18.000000
1390525200 17.000000
1390528800 17.000000
1390532400 16.000000
1390536000 15.000000
1390539600 15.000000
1390543200 14.000000
1390546800 14.000000
1390550400 14.000000
1390554000 14.000000
1390557600 13.000000
1390561200 13.000000
1390564800 12.000000
1390568400 13.000000
1390572000 13.000000
1390575600 14.000000
1390579200 15.000000
1390582800 17.000000
1390586400 18.000000
1390590000 17.000000
1390593600 17.000000
1390597200 16.000000
1390600800 15.000000
1390604400 13.000000
1390608000 12.000000
1390611600 11.000000
1390615200 11.000000
1390618800 10.000000
