1389582000 37.000000
1389585600 36.000000
1389589200 35.000000
1389592800 34.000000
1389596400 32.000000
1389600000 29.000000
1389603600 27.000000
1389607200 27.000000
1389610800 28.000000
1389614400 28.000000
1389618000 28.000000
1389621600 27.000000
1389625200 27.000000
1389628800 28.000000
1389632400 29.000000
1389636000 30.000000
1389639600 29.000000
1389643200 28.000000
1389646800 27.000000
1389650400 26.000000
1389654000 24.000000
1389657600 23.000000
1389661200 24.000000
1389664800 24.000000
1389668400 25.000000
1389672000 25.000000
1389675600 25.000000
1389679200 25.000000
1389682800 24.000000
1389686400 24.000000
1389690000 23.000000
1389693600 24.000000
1389697200 24.000000
1389700800 25.000000
1389704400 23.000000
1389708000 20.000000
1389711600 18.000000
1389715200 19.000000
1389718800 20.000000
1389722400 21.000000
1389726000 20.000000
1389729600 19.000000
1389733200 18.000000
1389736800 17.000000
1389740400 15.000000
1389744000 14.000000
1389747600 13.000000
1389751200 13.000000
1389754800 12.000000
1389758400 11.000000
1389762000 10.000000
1389765600 9.000000
1389769200 9.000000
1389772800 10.000000
1389776400 10.000000
1389780000 8.000000
1389783600 7.000000
1389787200 5.000000
1389790800 6.000000
1389794400 6.000000
1389798000 7.000000
1389801600 7.000000
1389805200 7.000000
1389808800 7.000000
1389812400 8.000000
1389816000 9.000000
1389819600 10.000000
1389823200 14.000000
1389826800 17.000000
1389830400 21.000000
1389834000 22.000000
1389837600 22.000000
1389841200 23.000000
1389844800 24.000000
1389848400 24.000000
1389852000 25.000000
1389855600 27.000000
1389859200 28.000000
1389862800 30.000000
1389866400 29.000000
1389870000 28.000000
1389873600 27.000000
1389877200 27.000000
1389880800 27.000000
1389884400 27.000000
1389888000 24.000000
1389891600 21.000000
1389895200 18.000000
1389898800 21.000000
1389902400 24.000000
1389906000 27.000000
1389909600 23.000000
1389913200 20.000000
1389916800 16.000000
1389920400 14.000000
1389924000 12.000000
1389927600 10.000000
1389931200 8.000000
1389934800 7.000000
1389938400 5.000000
1389942000 3.000000
1389945600 0.000000
1389949200 -1.000000
1389952800 0.000000
1389956400 0.000000
1389960000 1.000000
1389963600 3.000000
1389967200 5.000000
1389970800 7.000000
1389974400 8.000000
1389978000 8.000000
1389981600 9.000000
1389985200 9.000000
1389988800 10.000000
1389992400 10.000000
1389996000 11.000000
1389999600 11.000000
1390003200 12.000000
1390006800 11.000000
1390010400 11.000000
1390014000 10.000000
1390017600 10.000000
1390021200 10.000000
1390024800 10.000000
1390028400 13.000000
1390032000 16.000000
1390035600 19.000000
1390039200 16.000000
1390042800 12.000000
1390046400 9.000000
1390050000 11.000000
1390053600 12.000000
1390057200 14.000000
1390060800 16.000000
1390064400 17.000000
1390068000 19.000000
1390071600 20.000000
1390075200 20.000000
1390078800 21.000000
1390082400 20.000000
1390086000 19.000000
1390089600 18.000000
1390093200 17.000000
1390096800 17.000000
1390100400 16.000000
1390104000 15.000000
1390107600 15.000000
1390111200 14.000000
1390114800 12.000000
1390118400 11.000000
1390122000 9.000000
1390125600 10.000000
1390129200 11.000000
1390132800 12.000000
1390136400 14.000000
1390140000 16.000000
1390143600 18.000000
1390147200 19.000000
1390150800 20.000000
1390154400 21.000000
1390158000 20.000000
1390161600 20.000000
1390165200 19.000000
1390168800 13.000000
1390172400 7.000000
1390176000 1.000000
1390179600 5.000000
1390183200 10.000000
1390186800 14.000000
1390190400 14.000000
1390194000 14.000000
1390197600 14.000000
1390201200 17.000000
1390204800 20.000000
1390208400 23.000000
1390212000 21.000000
1390215600 18.000000
1390219200 16.000000
1390222800 18.000000
1390226400 19.000000
1390230000 21.000000
1390233600 24.000000
1390237200 27.000000
1390240800 30.000000
1390244400 31.000000
1390248000 31.000000
1390251600 32.000000
1390255200 31.000000
1390258800 31.000000
1390262400 30.000000
1390266000 28.000000
1390269600 27.000000
1390273200 25.000000
1390276800 24.000000
1390280400 22.000000
1390284000 21.000000
1390287600 20.000000
1390291200 19.000000
1390294800 18.000000
1390298400 17.000000
1390302000 17.000000
1390305600 16.000000
1390309200 17.000000
1390312800 18.000000
1390316400 19.000000
1390320000 20.000000
1390323600 22.000000
1390327200 23.000000
1390330800 22.000000
1390334400 22.000000
1390338000 21.000000
1390341600 20.000000
1390345200 20.000000
1390348800 19.000000
1390352400 19.000000
1390356000 18.000000
1390359600 18.000000
1390363200 17.000000
1390366800 17.000000
1390370400 16.000000
1390374000 16.000000
1390377600 16.000000
1390381200 16.000000
1390384800 16.000000
1390388400 16.000000
1390392000 16.000000
1390395600 17.000000
1390399200 18.000000
1390402800 19.000000
1390406400 20.000000
1390410000 20.000000
1390413600 21.000000
1390417200 20.000000
1390420800 20.000000
1390424400 19.000000
1390428000 19.000000
1390431600 18.000000
1390435200 18.000000
1390438800 18.000000
1390442400 18.000000
