1387303200 27.000000
1387306800 27.000000
1387310400 27.000000
1387314000 27.000000
1387317600 26.000000
1387321200 24.000000
1387324800 23.000000
1387328400 19.000000
1387332000 16.000000
1387335600 12.000000
1387339200 11.000000
1387342800 11.000000
1387346400 10.000000
1387350000 11.000000
1387353600 13.000000
1387357200 14.000000
1387360800 15.000000
1387364400 17.000000
1387368000 18.000000
1387371600 18.000000
1387375200 18.000000
1387378800 18.000000
1387382400 22.000000
1387386000 26.000000
1387389600 30.000000
1387393200 31.000000
1387396800 33.000000
1387400400 34.000000
1387404000 33.000000
1387407600 31.000000
1387411200 30.000000
1387414800 28.000000
1387418400 25.000000
1387422000 23.000000
1387425600 22.000000
1387429200 20.000000
1387432800 19.000000
1387436400 19.000000
1387440000 18.000000
1387443600 18.000000
1387447200 17.000000
1387450800 17.000000
1387454400 16.000000
1387458000 17.000000
1387461600 18.000000
1387465200 19.000000
1387468800 20.000000
1387472400 22.000000
1387476000 23.000000
1387479600 25.000000
1387483200 26.000000
1387486800 28.000000
1387490400 26.000000
1387494000 25.000000
1387497600 23.000000
1387501200 25.000000
1387504800 26.000000
1387508400 28.000000
1387512000 25.000000
1387515600 21.000000
1387519200 18.000000
1387522800 17.000000
1387526400 15.000000
1387530000 14.000000
1387533600 13.000000
1387537200 11.000000
1387540800 10.000000
1387544400 10.000000
1387548000 10.000000
1387551600 10.000000
1387555200 12.000000
1387558800 14.000000
1387562400 16.000000
1387566000 17.000000
1387569600 17.000000
1387573200 18.000000
1387576800 14.000000
1387580400 9.000000
1387584000 5.000000
1387587600 6.000000
1387591200 6.000000
1387594800 7.000000
1387598400 9.000000
1387602000 12.000000
1387605600 14.000000
1387609200 14.000000
1387612800 14.000000
1387616400 14.000000
1387620000 14.000000
1387623600 14.000000
1387627200 14.000000
1387630800 13.000000
1387634400 11.000000
1387638000 10.000000
1387641600 11.000000
1387645200 11.000000
1387648800 12.000000
1387652400 14.000000
1387656000 16.000000
1387659600 18.000000
1387663200 18.000000
1387666800 19.000000
1387670400 19.000000
1387674000 19.000000
1387677600 18.000000
1387681200 18.000000
1387684800 16.000000
1387688400 14.000000
1387692000 12.000000
1387695600 11.000000
1387699200 10.000000
1387702800 9.000000
1387706400 9.000000
1387710000 9.000000
1387713600 9.000000
1387717200 8.000000
1387720800 6.000000
1387724400 5.000000
1387728000 6.000000
1387731600 8.000000
1387735200 9.000000
1387738800 5.000000
1387742400 2.000000
1387746000 -1.000000
1387749600 1.000000
1387753200 4.000000
1387756800 7.000000
1387760400 6.000000
1387764000 4.000000
1387767600 3.000000
1387771200 2.000000
1387774800 2.000000
1387778400 1.000000
1387782000 1.000000
1387785600 0.000000
1387789200 0.000000
1387792800 0.000000
1387796400 -2.000000
1387800000 -3.000000
1387803600 0.000000
1387807200 5.000000
1387810800 9.000000
1387814400 6.000000
1387818000 3.000000
1387821600 0.000000
1387825200 3.000000
1387828800 6.000000
1387832400 9.000000
1387836000 9.000000
1387839600 9.000000
1387843200 9.000000
1387846800 8.000000
1387850400 8.000000
1387854000 7.000000
1387857600 8.000000
1387861200 9.000000
1387864800 10.000000
1387868400 10.000000
1387872000 9.000000
1387875600 9.000000
1387879200 8.000000
1387882800 8.000000
1387886400 7.000000
1387890000 7.000000
1387893600 7.000000
1387897200 7.000000
1387900800 11.000000
1387904400 15.000000
1387908000 19.000000
1387911600 19.000000
1387915200 19.000000
1387918800 19.000000
1387922400 17.000000
1387926000 16.000000
1387929600 14.000000
1387933200 13.000000
1387936800 13.000000
1387940400 12.000000
1387944000 14.000000
1387947600 17.000000
1387951200 19.000000
1387954800 20.000000
1387958400 20.000000
1387962000 21.000000
1387965600 16.000000
1387969200 10.000000
1387972800 5.000000
1387976400 4.000000
1387980000 4.000000
1387983600 3.000000
1387987200 3.000000
1387990800 3.000000
1387994400 3.000000
1387998000 4.000000
1388001600 6.000000
1388005200 7.000000
1388008800 6.000000
1388012400 4.000000
1388016000 3.000000
1388019600 3.000000
1388023200 3.000000
1388026800 3.000000
1388030400 3.000000
1388034000 3.000000
1388037600 3.000000
1388041200 3.000000
1388044800 3.000000
1388048400 3.000000
1388052000 3.000000
1388055600 3.000000
1388059200 3.000000
1388062800 2.000000
1388066400 2.000000
1388070000 1.000000
1388073600 2.000000
1388077200 4.000000
1388080800 5.000000
1388084400 7.000000
1388088000 8.000000
1388091600 10.000000
1388095200 10.000000
1388098800 9.000000
1388102400 9.000000
1388106000 9.000000
1388109600 9.000000
1388113200 9.000000
1388116800 8.000000
1388120400 8.000000
1388124000 7.000000
1388127600 6.000000
1388131200 6.000000
1388134800 5.000000
1388138400 6.000000
1388142000 8.000000
1388145600 9.000000
1388149200 8.000000
1388152800 8.000000
1388156400 7.000000
1388160000 8.000000
1388163600 9.000000
