1390838400 -13.000000
1390842000 -11.000000
1390845600 -10.000000
1390849200 -9.000000
1390852800 -9.000000
1390856400 -8.000000
1390860000 -9.000000
1390863600 -9.000000
1390867200 -10.000000
1390870800 -10.000000
1390874400 -10.000000
1390878000 -10.000000
1390881600 -10.000000
1390885200 -10.000000
1390888800 -10.000000
1390892400 -10.000000
1390896000 -10.000000
1390899600 -10.000000
1390903200 -14.000000
1390906800 -17.000000
1390910400 -21.000000
1390914000 -19.000000
1390917600 -16.000000
1390921200 -14.000000
1390924800 -12.000000
1390928400 -9.000000
1390932000 -7.000000
1390935600 -6.000000
1390939200 -4.000000
1390942800 -3.000000
1390946400 -3.000000
1390950000 -3.000000
1390953600 -3.000000
1390957200 -4.000000
1390960800 -4.000000
1390964400 -5.000000
1390968000 -6.000000
1390971600 -7.000000
1390975200 -8.000000
1390978800 -8.000000
1390982400 -7.000000
1390986000 -7.000000
1390989600 -6.000000
1390993200 -4.000000
1390996800 -3.000000
1391000400 -2.000000
1391004000 0.000000
1391007600 0.000000
1391011200 6.000000
1391014800 12.000000
1391018400 18.000000
1391022000 20.000000
1391025600 21.000000
1391029200 23.000000
1391032800 23.000000
1391036400 23.000000
1391040000 23.000000
1391043600 21.000000
1391047200 20.000000
1391050800 18.000000
1391054400 20.000000
1391058000 21.000000
1391061600 23.000000
1391065200 22.000000
1391068800 20.000000
1391072400 19.000000
1391076000 16.000000
1391079600 13.000000
1391083200 10.000000
1391086800 8.000000
1391090400 7.000000
1391094000 5.000000
1391097600 4.000000
1391101200 4.000000
1391104800 3.000000
1391108400 5.000000
1391112000 7.000000
1391115600 9.000000
1391119200 8.000000
1391122800 8.000000
1391126400 7.000000
1391130000 5.000000
1391133600 3.000000
1391137200 1.000000
1391140800 0.000000
1391144400 0.000000
1391148000 -1.000000
1391151600 0.000000
1391155200 0.000000
1391158800 0.000000
1391162400 0.000000
1391166000 -2.000000
1391169600 -3.000000
1391173200 -3.000000
1391176800 -3.000000
1391180400 -3.000000
1391184000 -1.000000
1391187600 1.000000
1391191200 3.000000
1391194800 4.000000
1391198400 6.000000
1391202000 7.000000
1391205600 7.000000
1391209200 7.000000
1391212800 7.000000
1391216400 5.000000
1391220000 3.000000
1391223600 1.000000
1391227200 2.000000
1391230800 4.000000
1391234400 5.000000
1391238000 2.000000
1391241600 0.000000
1391245200 -3.000000
1391248800 -1.000000
1391252400 0.000000
1391256000 1.000000
1391259600 3.000000
1391263200 5.000000
1391266800 7.000000
1391270400 9.000000
1391274000 10.000000
1391277600 12.000000
1391281200 12.000000
1391284800 12.000000
1391288400 12.000000
1391292000 12.000000
1391295600 12.000000
1391299200 12.000000
1391302800 10.000000
1391306400 9.000000
1391310000 7.000000
1391313600 6.000000
1391317200 6.000000
1391320800 5.000000
1391324400 1.000000
1391328000 -1.000000
1391331600 -5.000000
1391335200 -5.000000
1391338800 -5.000000
1391342400 -5.000000
1391346000 -2.000000
1391349600 0.000000
1391353200 3.000000
1391356800 5.000000
1391360400 8.000000
1391364000 10.000000
1391367600 11.000000
1391371200 13.000000
1391374800 14.000000
1391378400 14.000000
1391382000 14.000000
1391385600 14.000000
1391389200 9.000000
1391392800 3.000000
1391396400 -1.000000
1391400000 2.000000
1391403600 5.000000
1391407200 9.000000
1391410800 5.000000
1391414400 0.000000
1391418000 -3.000000
1391421600 -3.000000
1391425200 -3.000000
1391428800 -3.000000
1391432400 -1.000000
1391436000 0.000000
1391439600 1.000000
1391443200 2.000000
1391446800 4.000000
1391450400 5.000000
1391454000 4.000000
1391457600 4.000000
1391461200 3.000000
1391464800 2.000000
1391468400 2.000000
1391472000 1.000000
1391475600 0.000000
1391479200 -1.000000
1391482800 -3.000000
1391486400 -4.000000
1391490000 -4.000000
1391493600 -5.000000
1391497200 -5.000000
1391500800 -5.000000
1391504400 -5.000000
1391508000 -6.000000
1391511600 -6.000000
1391515200 -7.000000
1391518800 -4.000000
1391522400 -2.000000
1391526000 0.000000
1391529600 1.000000
1391533200 2.000000
1391536800 3.000000
1391540400 2.000000
1391544000 2.000000
1391547600 1.000000
1391551200 1.000000
1391554800 0.000000
1391558400 0.000000
1391562000 0.000000
1391565600 0.000000
1391569200 -1.000000
1391572800 -2.000000
1391576400 -2.000000
1391580000 -3.000000
1391583600 -3.000000
1391587200 -3.000000
1391590800 -3.000000
1391594400 -4.000000
1391598000 -4.000000
1391601600 -5.000000
1391605200 -4.000000
1391608800 -2.000000
1391612400 -1.000000
1391616000 0.000000
1391619600 0.000000
1391623200 0.000000
1391626800 0.000000
1391630400 0.000000
1391634000 0.000000
1391637600 0.000000
1391641200 -2.000000
1391644800 -3.000000
1391648400 -4.000000
1391652000 -4.000000
1391655600 -5.000000
1391659200 -6.000000
1391662800 -6.000000
1391666400 -7.000000
1391670000 -7.000000
1391673600 -7.000000
1391677200 -7.000000
1391680800 -7.000000
1391684400 -8.000000
1391688000 -8.000000
1391691600 -6.000000
1391695200 -5.000000
1391698800 -3.000000
