1389078000 -16.000000
1389081600 -17.000000
1389085200 -17.000000
1389088800 -17.000000
1389092400 -16.000000
1389096000 -16.000000
1389099600 -15.000000
1389103200 -13.000000
1389106800 -12.000000
1389110400 -9.000000
1389114000 -6.000000
1389117600 -3.000000
1389121200 -1.000000
1389124800 0.000000
1389128400 1.000000
1389132000 0.000000
1389135600 -3.000000
1389139200 -5.000000
1389142800 -6.000000
1389146400 -6.000000
1389150000 -7.000000
1389153600 -6.000000
1389157200 -6.000000
1389160800 -5.000000
1389164400 -6.000000
1389168000 -7.000000
1389171600 -8.000000
1389175200 -10.000000
1389178800 -12.000000
1389182400 -14.000000
1389186000 -12.000000
1389189600 -10.000000
1389193200 -8.000000
1389196800 -5.000000
1389200400 -2.000000
1389204000 0.000000
1389207600 0.000000
1389211200 1.000000
1389214800 1.000000
1389218400 2.000000
1389222000 2.000000
1389225600 3.000000
1389229200 1.000000
1389232800 -1.000000
1389236400 -3.000000
1389240000 -5.000000
1389243600 -8.000000
1389247200 -10.000000
1389250800 -8.000000
1389254400 -7.000000
1389258000 -5.000000
1389261600 -5.000000
1389265200 -5.000000
1389268800 -5.000000
1389272400 -3.000000
1389276000 -1.000000
1389279600 0.000000
1389283200 3.000000
1389286800 6.000000
1389290400 9.000000
1389294000 11.000000
1389297600 14.000000
1389301200 16.000000
1389304800 18.000000
1389308400 19.000000
1389312000 21.000000
1389315600 22.000000
1389319200 22.000000
1389322800 23.000000
1389326400 18.000000
1389330000 14.000000
1389333600 9.000000
1389337200 13.000000
1389340800 17.000000
1389344400 21.000000
1389348000 22.000000
1389351600 22.000000
1389355200 23.000000
1389358800 23.000000
1389362400 23.000000
1389366000 23.000000
1389369600 27.000000
1389373200 30.000000
1389376800 34.000000
1389380400 35.000000
1389384000 35.000000
1389387600 36.000000
1389391200 35.000000
1389394800 33.000000
1389398400 32.000000
1389402000 30.000000
1389405600 29.000000
1389409200 27.000000
1389412800 27.000000
1389416400 27.000000
1389420000 27.000000
1389423600 24.000000
1389427200 22.000000
1389430800 19.000000
1389434400 22.000000
1389438000 24.000000
1389441600 27.000000
1389445200 27.000000
1389448800 27.000000
1389452400 27.000000
1389456000 28.000000
1389459600 29.000000
1389463200 30.000000
1389466800 30.000000
1389470400 30.000000
1389474000 30.000000
1389477600 28.000000
1389481200 27.000000
1389484800 25.000000
1389488400 24.000000
1389492000 22.000000
1389495600 21.000000
1389499200 20.000000
1389502800 20.000000
1389506400 19.000000
1389510000 23.000000
1389513600 26.000000
1389517200 30.000000
1389520800 29.000000
1389524400 28.000000
1389528000 27.000000
1389531600 27.000000
1389535200 27.000000
1389538800 27.000000
1389542400 27.000000
1389546000 28.000000
1389549600 28.000000
1389553200 29.000000
1389556800 29.000000
1389560400 30.000000
1389564000 29.000000
1389567600 28.000000
1389571200 27.000000
1389574800 26.000000
1389578400 24.000000
1389582000 23.000000
1389585600 22.000000
1389589200 22.000000
1389592800 21.000000
1389596400 22.000000
1389600000 24.000000
1389603600 25.000000
1389607200 22.000000
1389610800 19.000000
1389614400 16.000000
1389618000 17.000000
1389621600 18.000000
1389625200 19.000000
1389628800 20.000000
1389632400 20.000000
1389636000 21.000000
1389639600 20.000000
1389643200 19.000000
1389646800 18.000000
1389650400 12.000000
1389654000 7.000000
1389657600 1.000000
1389661200 5.000000
1389664800 10.000000
1389668400 14.000000
1389672000 14.000000
1389675600 14.000000
1389679200 14.000000
1389682800 20.000000
1389686400 26.000000
1389690000 32.000000
1389693600 27.000000
1389697200 23.000000
1389700800 18.000000
1389704400 19.000000
1389708000 20.000000
1389711600 21.000000
1389715200 22.000000
1389718800 24.000000
1389722400 25.000000
1389726000 24.000000
1389729600 24.000000
1389733200 23.000000
1389736800 22.000000
1389740400 22.000000
1389744000 21.000000
1389747600 21.000000
1389751200 21.000000
1389754800 21.000000
1389758400 21.000000
1389762000 21.000000
1389765600 21.000000
1389769200 21.000000
1389772800 21.000000
1389776400 21.000000
1389780000 20.000000
1389783600 20.000000
1389787200 19.000000
1389790800 20.000000
1389794400 20.000000
1389798000 21.000000
1389801600 22.000000
1389805200 22.000000
1389808800 23.000000
1389812400 22.000000
1389816000 20.000000
1389819600 19.000000
1389823200 19.000000
1389826800 18.000000
1389830400 18.000000
1389834000 17.000000
1389837600 15.000000
1389841200 14.000000
1389844800 13.000000
1389848400 13.000000
1389852000 12.000000
1389855600 11.000000
1389859200 11.000000
1389862800 10.000000
1389866400 10.000000
1389870000 10.000000
1389873600 10.000000
1389877200 11.000000
1389880800 11.000000
1389884400 12.000000
1389888000 13.000000
1389891600 13.000000
1389895200 14.000000
1389898800 13.000000
1389902400 13.000000
1389906000 12.000000
1389909600 11.000000
1389913200 11.000000
1389916800 10.000000
1389920400 10.000000
1389924000 9.000000
1389927600 9.000000
1389931200 8.000000
1389934800 8.000000
1389938400 7.000000
