1390406400 1.000000
1390410000 1.000000
1390413600 1.000000
1390417200 2.000000
1390420800 4.000000
1390424400 5.000000
1390428000 4.000000
1390431600 4.000000
1390435200 3.000000
1390438800 1.000000
1390442400 -1.000000
1390446000 -3.000000
1390449600 -4.000000
1390453200 -6.000000
1390456800 -7.000000
1390460400 -6.000000
1390464000 -6.000000
1390467600 -5.000000
1390471200 -8.000000
1390474800 -11.000000
1390478400 -14.000000
1390482000 -13.000000
1390485600 -11.000000
1390489200 -10.000000
1390492800 -9.000000
1390496400 -8.000000
1390500000 -7.000000
1390503600 -4.000000
1390507200 -2.000000
1390510800 0.000000
1390514400 -2.000000
1390518000 -5.000000
1390521600 -8.000000
1390525200 -8.000000
1390528800 -8.000000
1390532400 -8.000000
1390536000 -3.000000
1390539600 2.000000
1390543200 7.000000
1390546800 8.000000
1390550400 9.000000
1390554000 10.000000
1390557600 13.000000
1390561200 15.000000
1390564800 18.000000
1390568400 19.000000
1390572000 20.000000
1390575600 21.000000
1390579200 23.000000
1390582800 26.000000
1390586400 28.000000
1390590000 29.000000
1390593600 31.000000
1390597200 32.000000
1390600800 31.000000
1390604400 31.000000
1390608000 30.000000
1390611600 32.000000
1390615200 34.000000
1390618800 36.000000
1390622400 35.000000
1390626000 33.000000
1390629600 32.000000
1390633200 31.000000
1390636800 31.000000
1390640400 30.000000
1390644000 28.000000
1390647600 25.000000
1390651200 23.000000
1390654800 21.000000
1390658400 18.000000
1390662000 16.000000
1390665600 15.000000
1390669200 15.000000
1390672800 14.000000
1390676400 12.000000
1390680000 9.000000
1390683600 7.000000
1390687200 5.000000
1390690800 3.000000
1390694400 1.000000
1390698000 0.000000
1390701600 0.000000
1390705200 -1.000000
1390708800 1.000000
1390712400 4.000000
1390716000 7.000000
1390719600 8.000000
1390723200 8.000000
1390726800 9.000000
1390730400 8.000000
1390734000 6.000000
1390737600 5.000000
1390741200 4.000000
1390744800 2.000000
1390748400 1.000000
1390752000 1.000000
1390755600 1.000000
1390759200 1.000000
1390762800 2.000000
1390766400 4.000000
1390770000 5.000000
1390773600 3.000000
1390777200 2.000000
1390780800 0.000000
1390784400 0.000000
1390788000 -2.000000
1390791600 -3.000000
1390795200 -5.000000
1390798800 -6.000000
1390802400 -8.000000
1390806000 -8.000000
1390809600 -8.000000
1390813200 -8.000000
1390816800 -9.000000
1390820400 -11.000000
1390824000 -12.000000
1390827600 -11.000000
1390831200 -9.000000
1390834800 -8.000000
1390838400 -6.000000
1390842000 -5.000000
1390845600 -3.000000
1390849200 -2.000000
1390852800 0.000000
1390856400 0.000000
1390860000 0.000000
1390863600 -2.000000
1390867200 -3.000000
1390870800 -3.000000
1390874400 -3.000000
1390878000 -3.000000
1390881600 -5.000000
1390885200 -6.000000
1390888800 -8.000000
1390892400 -9.000000
1390896000 -9.000000
1390899600 -10.000000
1390903200 -11.000000
1390906800 -11.000000
1390910400 -12.000000
1390914000 -10.000000
1390917600 -9.000000
1390921200 -7.000000
1390924800 -4.000000
1390928400 -1.000000
1390932000 1.000000
1390935600 2.000000
1390939200 4.000000
1390942800 5.000000
1390946400 2.000000
1390950000 0.000000
1390953600 -3.000000
1390957200 -3.000000
1390960800 -3.000000
1390964400 -3.000000
1390968000 -4.000000
1390971600 -4.000000
1390975200 -5.000000
1390978800 -5.000000
1390982400 -5.000000
1390986000 -5.000000
1390989600 -5.000000
1390993200 -5.000000
1390996800 -5.000000
1391000400 -3.000000
1391004000 -1.000000
1391007600 0.000000
1391011200 2.000000
1391014800 3.000000
1391018400 5.000000
1391022000 5.000000
1391025600 5.000000
1391029200 5.000000
1391032800 5.000000
1391036400 5.000000
1391040000 5.000000
1391043600 5.000000
1391047200 5.000000
1391050800 5.000000
1391054400 5.000000
1391058000 5.000000
1391061600 5.000000
1391065200 4.000000
1391068800 2.000000
1391072400 1.000000
1391076000 1.000000
1391079600 1.000000
1391083200 1.000000
1391086800 2.000000
1391090400 4.000000
1391094000 5.000000
1391097600 7.000000
1391101200 8.000000
1391104800 10.000000
1391108400 10.000000
1391112000 10.000000
1391115600 10.000000
1391119200 10.000000
1391122800 10.000000
1391126400 10.000000
1391130000 10.000000
1391133600 9.000000
1391137200 9.000000
1391140800 9.000000
1391144400 9.000000
1391148000 9.000000
1391151600 9.000000
1391155200 9.000000
1391158800 9.000000
1391162400 9.000000
1391166000 9.000000
1391169600 9.000000
1391173200 10.000000
1391176800 11.000000
1391180400 12.000000
1391184000 13.000000
1391187600 15.000000
1391191200 16.000000
1391194800 16.000000
1391198400 16.000000
1391202000 16.000000
1391205600 15.000000
1391209200 15.000000
1391212800 14.000000
1391216400 13.000000
1391220000 13.000000
1391223600 12.000000
1391227200 11.000000
1391230800 11.000000
1391234400 10.000000
1391238000 10.000000
1391241600 9.000000
1391245200 9.000000
1391248800 9.000000
1391252400 9.000000
1391256000 9.000000
1391259600 9.000000
1391263200 10.000000
1391266800 10.000000
