1389888000 23.000000
1389891600 18.000000
1389895200 14.000000
1389898800 14.000000
1389902400 14.000000
1389906000 14.000000
1389909600 14.000000
1389913200 14.000000
1389916800 14.000000
1389920400 12.000000
1389924000 9.000000
1389927600 7.000000
1389931200 6.000000
1389934800 6.000000
1389938400 5.000000
1389942000 7.000000
1389945600 8.000000
1389949200 10.000000
1389952800 8.000000
1389956400 5.000000
1389960000 3.000000
1389963600 4.000000
1389967200 4.000000
1389970800 5.000000
1389974400 6.000000
1389978000 6.000000
1389981600 7.000000
1389985200 8.000000
1389988800 9.000000
1389992400 10.000000
1389996000 10.000000
1389999600 9.000000
1390003200 9.000000
1390006800 6.000000
1390010400 3.000000
1390014000 0.000000
1390017600 3.000000
1390021200 6.000000
1390024800 9.000000
1390028400 11.000000
1390032000 14.000000
1390035600 16.000000
1390039200 18.000000
1390042800 21.000000
1390046400 23.000000
1390050000 23.000000
1390053600 23.000000
1390057200 23.000000
1390060800 27.000000
1390064400 30.000000
1390068000 34.000000
1390071600 32.000000
1390075200 29.000000
1390078800 27.000000
1390082400 26.000000
1390086000 26.000000
1390089600 25.000000
1390093200 24.000000
1390096800 24.000000
1390100400 23.000000
1390104000 21.000000
1390107600 20.000000
1390111200 18.000000
1390114800 18.000000
1390118400 18.000000
1390122000 18.000000
1390125600 18.000000
1390129200 19.000000
1390132800 19.000000
1390136400 20.000000
1390140000 22.000000
1390143600 23.000000
1390147200 24.000000
1390150800 26.000000
1390154400 27.000000
1390158000 28.000000
1390161600 29.000000
1390165200 30.000000
1390168800 31.000000
1390172400 31.000000
1390176000 32.000000
1390179600 31.000000
1390183200 29.000000
1390186800 28.000000
1390190400 25.000000
1390194000 21.000000
1390197600 18.000000
1390201200 21.000000
1390204800 25.000000
1390208400 28.000000
1390212000 27.000000
1390215600 26.000000
1390219200 25.000000
1390222800 24.000000
1390226400 22.000000
1390230000 21.000000
1390233600 22.000000
1390237200 22.000000
1390240800 23.000000
1390244400 23.000000
1390248000 23.000000
1390251600 23.000000
1390255200 18.000000
1390258800 12.000000
1390262400 7.000000
1390266000 5.000000
1390269600 2.000000
1390273200 0.000000
1390276800 -2.000000
1390280400 -5.000000
1390284000 -8.000000
1390287600 -10.000000
1390291200 -12.000000
1390294800 -14.000000
1390298400 -15.000000
1390302000 -16.000000
1390305600 -17.000000
1390309200 -9.000000
1390312800 -2.000000
1390316400 5.000000
1390320000 6.000000
1390323600 6.000000
1390327200 7.000000
1390330800 6.000000
1390334400 4.000000
1390338000 3.000000
1390341600 4.000000
1390345200 4.000000
1390348800 5.000000
1390352400 4.000000
1390356000 4.000000
1390359600 3.000000
1390363200 2.000000
1390366800 2.000000
1390370400 1.000000
1390374000 0.000000
1390377600 -1.000000
1390381200 -3.000000
1390384800 -3.000000
1390388400 -3.000000
1390392000 -3.000000
1390395600 -2.000000
1390399200 0.000000
1390402800 0.000000
1390406400 2.000000
1390410000 5.000000
1390413600 7.000000
1390417200 8.000000
1390420800 9.000000
1390424400 10.000000
1390428000 10.000000
1390431600 9.000000
1390435200 9.000000
1390438800 6.000000
1390442400 4.000000
1390446000 1.000000
1390449600 1.000000
1390453200 0.000000
1390456800 0.000000
1390460400 0.000000
1390464000 1.000000
1390467600 1.000000
1390471200 2.000000
1390474800 2.000000
1390478400 3.000000
1390482000 5.000000
1390485600 7.000000
1390489200 9.000000
1390492800 11.000000
1390496400 12.000000
1390500000 14.000000
1390503600 14.000000
1390507200 14.000000
1390510800 14.000000
1390514400 14.000000
1390518000 14.000000
1390521600 14.000000
1390525200 14.000000
1390528800 14.000000
1390532400 14.000000
1390536000 13.000000
1390539600 13.000000
1390543200 12.000000
1390546800 11.000000
1390550400 11.000000
1390554000 10.000000
1390557600 10.000000
1390561200 9.000000
1390564800 9.000000
1390568400 10.000000
1390572000 11.000000
1390575600 12.000000
1390579200 13.000000
1390582800 13.000000
1390586400 14.000000
1390590000 13.000000
1390593600 13.000000
1390597200 12.000000
1390600800 11.000000
1390604400 11.000000
1390608000 10.000000
1390611600 10.000000
1390615200 9.000000
1390618800 9.000000
1390622400 9.000000
1390626000 9.000000
1390629600 9.000000
1390633200 8.000000
1390636800 8.000000
1390640400 7.000000
1390644000 7.000000
1390647600 7.000000
1390651200 7.000000
1390654800 8.000000
1390658400 8.000000
1390662000 9.000000
1390665600 10.000000
1390669200 11.000000
1390672800 12.000000
1390676400 11.000000
1390680000 11.000000
1390683600 10.000000
1390687200 10.000000
1390690800 10.000000
1390694400 10.000000
1390698000 10.000000
1390701600 9.000000
1390705200 9.000000
1390708800 8.000000
1390712400 8.000000
1390716000 7.000000
1390719600 6.000000
1390723200 6.000000
1390726800 5.000000
1390730400 4.000000
1390734000 4.000000
1390737600 3.000000
1390741200 4.000000
1390744800 6.000000
1390748400 7.000000
