1387947600 11.000000
1387951200 12.000000
1387954800 11.000000
1387958400 11.000000
1387962000 10.000000
1387965600 9.000000
1387969200 8.000000
1387972800 7.000000
1387976400 9.000000
1387980000 12.000000
1387983600 14.000000
1387987200 18.000000
1387990800 21.000000
1387994400 25.000000
1387998000 24.000000
1388001600 24.000000
1388005200 23.000000
1388008800 22.000000
1388012400 20.000000
1388016000 19.000000
1388019600 16.000000
1388023200 13.000000
1388026800 10.000000
1388030400 10.000000
1388034000 10.000000
1388037600 10.000000
1388041200 7.000000
1388044800 3.000000
1388048400 0.000000
1388052000 1.000000
1388055600 2.000000
1388059200 3.000000
1388062800 5.000000
1388066400 7.000000
1388070000 9.000000
1388073600 12.000000
1388077200 16.000000
1388080800 19.000000
1388084400 19.000000
1388088000 19.000000
1388091600 19.000000
1388095200 20.000000
1388098800 20.000000
1388102400 21.000000
1388106000 19.000000
1388109600 18.000000
1388113200 16.000000
1388116800 15.000000
1388120400 13.000000
1388124000 12.000000
1388127600 11.000000
1388131200 10.000000
1388134800 9.000000
1388138400 11.000000
1388142000 14.000000
1388145600 16.000000
1388149200 18.000000
1388152800 19.000000
1388156400 21.000000
1388160000 23.000000
1388163600 25.000000
1388167200 27.000000
1388170800 29.000000
1388174400 30.000000
1388178000 32.000000
1388181600 31.000000
1388185200 31.000000
1388188800 30.000000
1388192400 29.000000
1388196000 28.000000
1388199600 27.000000
1388203200 26.000000
1388206800 26.000000
1388210400 25.000000
1388214000 26.000000
1388217600 26.000000
1388221200 27.000000
1388224800 27.000000
1388228400 27.000000
1388232000 27.000000
1388235600 27.000000
1388239200 27.000000
1388242800 27.000000
1388246400 29.000000
1388250000 32.000000
1388253600 34.000000
1388257200 32.000000
1388260800 30.000000
1388264400 28.000000
1388268000 28.000000
1388271600 27.000000
1388275200 27.000000
1388278800 30.000000
1388282400 34.000000
1388286000 37.000000
1388289600 25.000000
1388293200 13.000000
1388296800 1.000000
1388300400 0.000000
1388304000 0.000000
1388307600 -1.000000
1388311200 -2.000000
1388314800 -4.000000
1388318400 -5.000000
1388322000 -6.000000
1388325600 -7.000000
1388329200 -8.000000
1388332800 -5.000000
1388336400 -2.000000
1388340000 0.000000
1388343600 -2.000000
1388347200 -4.000000
1388350800 -7.000000
1388354400 -6.000000
1388358000 -6.000000
1388361600 -5.000000
1388365200 -6.000000
1388368800 -7.000000
1388372400 -8.000000
1388376000 -9.000000
1388379600 -9.000000
1388383200 -10.000000
1388386800 -12.000000
1388390400 -14.000000
1388394000 -16.000000
1388397600 -13.000000
1388401200 -10.000000
1388404800 -7.000000
1388408400 -6.000000
1388412000 -6.000000
1388415600 -5.000000
1388419200 -4.000000
1388422800 -2.000000
1388426400 -1.000000
1388430000 0.000000
1388433600 0.000000
1388437200 0.000000
1388440800 0.000000
1388444400 0.000000
1388448000 -1.000000
1388451600 -2.000000
1388455200 -4.000000
1388458800 -5.000000
1388462400 -5.000000
1388466000 -5.000000
1388469600 -5.000000
1388473200 -7.000000
1388476800 -10.000000
1388480400 -12.000000
1388484000 -8.000000
1388487600 -5.000000
1388491200 -1.000000
1388494800 0.000000
1388498400 0.000000
1388502000 0.000000
1388505600 2.000000
1388509200 3.000000
1388512800 5.000000
1388516400 4.000000
1388520000 4.000000
1388523600 3.000000
1388527200 3.000000
1388530800 3.000000
1388534400 3.000000
1388538000 2.000000
1388541600 1.000000
1388545200 0.000000
1388548800 0.000000
1388552400 0.000000
1388556000 -1.000000
1388559600 -2.000000
1388563200 -4.000000
1388566800 -5.000000
1388570400 -2.000000
1388574000 0.000000
1388577600 3.000000
1388581200 2.000000
1388584800 2.000000
1388588400 1.000000
1388592000 2.000000
1388595600 4.000000
1388599200 5.000000
1388602800 4.000000
1388606400 4.000000
1388610000 3.000000
1388613600 2.000000
1388617200 2.000000
1388620800 1.000000
1388624400 1.000000
1388628000 1.000000
1388631600 1.000000
1388635200 1.000000
1388638800 1.000000
1388642400 1.000000
1388646000 1.000000
1388649600 1.000000
1388653200 1.000000
1388656800 1.000000
1388660400 1.000000
1388664000 1.000000
1388667600 3.000000
1388671200 5.000000
1388674800 7.000000
1388678400 9.000000
1388682000 10.000000
1388685600 12.000000
1388689200 11.000000
1388692800 11.000000
1388696400 10.000000
1388700000 10.000000
1388703600 10.000000
1388707200 10.000000
1388710800 10.000000
1388714400 9.000000
1388718000 9.000000
1388721600 9.000000
1388725200 9.000000
1388728800 9.000000
1388732400 9.000000
1388736000 9.000000
1388739600 9.000000
1388743200 9.000000
1388746800 10.000000
1388750400 10.000000
1388754000 11.000000
1388757600 13.000000
1388761200 14.000000
1388764800 16.000000
1388768400 17.000000
1388772000 19.000000
1388775600 19.000000
1388779200 18.000000
1388782800 18.000000
1388786400 18.000000
1388790000 18.000000
1388793600 18.000000
1388797200 17.000000
1388800800 17.000000
1388804400 16.000000
1388808000 15.000000
