1391410800 3.000000
1391414400 2.000000
1391418000 0.000000
1391421600 0.000000
1391425200 0.000000
1391428800 0.000000
1391432400 0.000000
1391436000 1.000000
1391439600 1.000000
1391443200 6.000000
1391446800 11.000000
1391450400 16.000000
1391454000 17.000000
1391457600 17.000000
1391461200 18.000000
1391464800 17.000000
1391468400 15.000000
1391472000 14.000000
1391475600 14.000000
1391479200 14.000000
1391482800 14.000000
1391486400 12.000000
1391490000 9.000000
1391493600 7.000000
1391497200 7.000000
1391500800 7.000000
1391504400 7.000000
1391508000 6.000000
1391511600 4.000000
1391515200 3.000000
1391518800 4.000000
1391522400 4.000000
1391526000 5.000000
1391529600 6.000000
1391533200 6.000000
1391536800 7.000000
1391540400 10.000000
1391544000 13.000000
1391547600 16.000000
1391551200 12.000000
1391554800 9.000000
1391558400 5.000000
1391562000 4.000000
1391565600 2.000000
1391569200 1.000000
1391572800 0.000000
1391576400 0.000000
1391580000 -1.000000
1391583600 0.000000
1391587200 0.000000
1391590800 1.000000
1391594400 1.000000
1391598000 0.000000
1391601600 0.000000
1391605200 0.000000
1391608800 -2.000000
1391612400 -3.000000
1391616000 -1.000000
1391619600 0.000000
1391623200 1.000000
1391626800 2.000000
1391630400 2.000000
1391634000 3.000000
1391637600 2.000000
1391641200 1.000000
1391644800 0.000000
1391648400 0.000000
1391652000 0.000000
1391655600 -1.000000
1391659200 -2.000000
1391662800 -2.000000
1391666400 -3.000000
1391670000 -7.000000
1391673600 -12.000000
1391677200 -16.000000
1391680800 -14.000000
1391684400 -12.000000
1391688000 -10.000000
1391691600 -8.000000
1391695200 -7.000000
1391698800 -5.000000
1391702400 -1.000000
1391706000 1.000000
1391709600 5.000000
1391713200 5.000000
1391716800 5.000000
1391720400 5.000000
1391724000 4.000000
1391727600 2.000000
1391731200 1.000000
1391734800 1.000000
1391738400 0.000000
1391742000 0.000000
1391745600 -1.000000
1391749200 -3.000000
1391752800 -5.000000
1391756400 -6.000000
1391760000 -7.000000
1391763600 -8.000000
1391767200 -6.000000
1391770800 -5.000000
1391774400 -3.000000
1391778000 -2.000000
1391781600 0.000000
1391785200 0.000000
1391788800 3.000000
1391792400 6.000000
1391796000 9.000000
1391799600 10.000000
1391803200 11.000000
1391806800 12.000000
1391810400 11.000000
1391814000 10.000000
1391817600 9.000000
1391821200 7.000000
1391824800 5.000000
1391828400 3.000000
1391832000 3.000000
1391835600 3.000000
1391839200 3.000000
1391842800 1.000000
1391846400 0.000000
1391850000 -1.000000
1391853600 0.000000
1391857200 1.000000
1391860800 3.000000
1391864400 4.000000
1391868000 6.000000
1391871600 7.000000
1391875200 10.000000
1391878800 13.000000
1391882400 16.000000
1391886000 15.000000
1391889600 15.000000
1391893200 14.000000
1391896800 13.000000
1391900400 13.000000
1391904000 12.000000
1391907600 8.000000
1391911200 5.000000
1391914800 1.000000
1391918400 1.000000
1391922000 1.000000
1391925600 1.000000
1391929200 2.000000
1391932800 4.000000
1391936400 5.000000
1391940000 3.000000
1391943600 0.000000
1391947200 -1.000000
1391950800 0.000000
1391954400 0.000000
1391958000 0.000000
1391961600 2.000000
1391965200 3.000000
1391968800 5.000000
1391972400 9.000000
1391976000 14.000000
1391979600 18.000000
1391983200 17.000000
1391986800 17.000000
1391990400 16.000000
1391994000 15.000000
1391997600 13.000000
1392001200 12.000000
1392004800 11.000000
1392008400 11.000000
1392012000 10.000000
1392015600 10.000000
1392019200 9.000000
1392022800 9.000000
1392026400 3.000000
1392030000 -1.000000
1392033600 -7.000000
1392037200 -4.000000
1392040800 -2.000000
1392044400 0.000000
1392048000 2.000000
1392051600 3.000000
1392055200 5.000000
1392058800 4.000000
1392062400 2.000000
1392066000 1.000000
1392069600 1.000000
1392073200 0.000000
1392076800 0.000000
1392080400 0.000000
1392084000 0.000000
1392087600 -1.000000
1392091200 -2.000000
1392094800 -4.000000
1392098400 -5.000000
1392102000 -5.000000
1392105600 -5.000000
1392109200 -5.000000
1392112800 -5.000000
1392116400 -5.000000
1392120000 -5.000000
1392123600 -3.000000
1392127200 -1.000000
1392130800 0.000000
1392134400 2.000000
1392138000 3.000000
1392141600 5.000000
1392145200 4.000000
1392148800 4.000000
1392152400 3.000000
1392156000 2.000000
1392159600 1.000000
1392163200 0.000000
1392166800 0.000000
1392170400 0.000000
1392174000 -1.000000
1392177600 -2.000000
1392181200 -2.000000
1392184800 -3.000000
1392188400 -1.000000
1392192000 0.000000
1392195600 1.000000
1392199200 2.000000
1392202800 2.000000
1392206400 3.000000
1392210000 2.000000
1392213600 1.000000
1392217200 0.000000
1392220800 2.000000
1392224400 5.000000
1392228000 7.000000
1392231600 8.000000
1392235200 8.000000
1392238800 9.000000
1392242400 8.000000
1392246000 6.000000
1392249600 5.000000
1392253200 4.000000
1392256800 2.000000
1392260400 1.000000
1392264000 2.000000
1392267600 4.000000
1392271200 5.000000
