1392519600 21.000000
1392523200 18.000000
1392526800 15.000000
1392530400 12.000000
1392534000 11.000000
1392537600 10.000000
1392541200 9.000000
1392544800 7.000000
1392548400 5.000000
1392552000 3.000000
1392555600 4.000000
1392559200 4.000000
1392562800 5.000000
1392566400 9.000000
1392570000 12.000000
1392573600 16.000000
1392577200 18.000000
1392580800 21.000000
1392584400 23.000000
1392588000 23.000000
1392591600 23.000000
1392595200 23.000000
1392598800 23.000000
1392602400 23.000000
1392606000 23.000000
1392609600 22.000000
1392613200 22.000000
1392616800 21.000000
1392620400 21.000000
1392624000 21.000000
1392627600 21.000000
1392631200 22.000000
1392634800 24.000000
1392638400 25.000000
1392642000 26.000000
1392645600 26.000000
1392649200 27.000000
1392652800 29.000000
1392656400 32.000000
1392660000 34.000000
1392663600 35.000000
1392667200 35.000000
1392670800 36.000000
1392674400 34.000000
1392678000 32.000000
1392681600 30.000000
1392685200 32.000000
1392688800 34.000000
1392692400 36.000000
1392696000 32.000000
1392699600 29.000000
1392703200 25.000000
1392706800 26.000000
1392710400 26.000000
1392714000 27.000000
1392717600 29.000000
1392721200 32.000000
1392724800 34.000000
1392728400 35.000000
1392732000 35.000000
1392735600 36.000000
1392739200 36.000000
1392742800 37.000000
1392746400 37.000000
1392750000 37.000000
1392753600 36.000000
1392757200 36.000000
1392760800 35.000000
1392764400 35.000000
1392768000 34.000000
1392771600 33.000000
1392775200 33.000000
1392778800 32.000000
1392782400 31.000000
1392786000 29.000000
1392789600 28.000000
1392793200 25.000000
1392796800 22.000000
1392800400 19.000000
1392804000 20.000000
1392807600 20.000000
1392811200 21.000000
1392814800 23.000000
1392818400 25.000000
1392822000 27.000000
1392825600 29.000000
1392829200 32.000000
1392832800 34.000000
1392836400 35.000000
1392840000 36.000000
1392843600 37.000000
1392847200 37.000000
1392850800 36.000000
1392854400 36.000000
1392858000 36.000000
1392861600 36.000000
1392865200 36.000000
1392868800 35.000000
1392872400 33.000000
1392876000 32.000000
1392879600 30.000000
1392883200 29.000000
1392886800 27.000000
1392890400 27.000000
1392894000 28.000000
1392897600 28.000000
1392901200 29.000000
1392904800 31.000000
1392908400 32.000000
1392912000 33.000000
1392915600 33.000000
1392919200 34.000000
1392922800 34.000000
1392926400 34.000000
1392930000 34.000000
1392933600 33.000000
1392937200 31.000000
1392940800 30.000000
1392944400 28.000000
1392948000 25.000000
1392951600 23.000000
1392955200 22.000000
1392958800 20.000000
1392962400 19.000000
1392966000 16.000000
1392969600 13.000000
1392973200 10.000000
1392976800 14.000000
1392980400 17.000000
1392984000 21.000000
1392987600 21.000000
1392991200 21.000000
1392994800 21.000000
1392998400 23.000000
1393002000 25.000000
1393005600 27.000000
1393009200 26.000000
1393012800 26.000000
1393016400 25.000000
1393020000 26.000000
1393023600 26.000000
1393027200 27.000000
1393030800 24.000000
1393034400 22.000000
1393038000 19.000000
1393041600 19.000000
1393045200 18.000000
1393048800 18.000000
1393052400 15.000000
1393056000 13.000000
1393059600 10.000000
1393063200 10.000000
1393066800 10.000000
1393070400 10.000000
1393074000 10.000000
1393077600 10.000000
1393081200 10.000000
1393084800 14.000000
1393088400 17.000000
1393092000 21.000000
1393095600 21.000000
1393099200 21.000000
1393102800 21.000000
1393106400 20.000000
1393110000 20.000000
1393113600 19.000000
1393117200 16.000000
1393120800 13.000000
1393124400 10.000000
1393128000 10.000000
1393131600 9.000000
1393135200 9.000000
1393138800 6.000000
1393142400 3.000000
1393146000 0.000000
1393149600 1.000000
1393153200 2.000000
1393156800 3.000000
1393160400 4.000000
1393164000 6.000000
1393167600 7.000000
1393171200 8.000000
1393174800 9.000000
1393178400 10.000000
1393182000 11.000000
1393185600 13.000000
1393189200 14.000000
1393192800 11.000000
1393196400 8.000000
1393200000 5.000000
1393203600 4.000000
1393207200 2.000000
1393210800 1.000000
1393214400 1.000000
1393218000 0.000000
1393221600 0.000000
1393225200 0.000000
1393228800 0.000000
1393232400 0.000000
1393236000 0.000000
1393239600 0.000000
1393243200 0.000000
1393246800 2.000000
1393250400 5.000000
1393254000 7.000000
1393257600 9.000000
1393261200 10.000000
1393264800 12.000000
1393268400 11.000000
1393272000 11.000000
1393275600 10.000000
1393279200 10.000000
1393282800 9.000000
1393286400 9.000000
1393290000 8.000000
1393293600 8.000000
1393297200 7.000000
1393300800 6.000000
1393304400 6.000000
1393308000 5.000000
1393311600 5.000000
1393315200 5.000000
1393318800 5.000000
1393322400 4.000000
1393326000 4.000000
1393329600 3.000000
1393333200 5.000000
1393336800 7.000000
1393340400 9.000000
1393344000 11.000000
1393347600 12.000000
1393351200 14.000000
1393354800 13.000000
1393358400 13.000000
1393362000 12.000000
1393365600 11.000000
1393369200 10.000000
1393372800 9.000000
1393376400 8.000000
1393380000 8.000000
