1390449600 -7.000000
1390453200 -8.000000
1390456800 -10.000000
1390460400 -8.000000
1390464000 -7.000000
1390467600 -5.000000
1390471200 -7.000000
1390474800 -8.000000
1390478400 -10.000000
1390482000 -11.000000
1390485600 -13.000000
1390489200 -14.000000
1390492800 -12.000000
1390496400 -9.000000
1390500000 -7.000000
1390503600 -4.000000
1390507200 -2.000000
1390510800 0.000000
1390514400 0.000000
1390518000 -2.000000
1390521600 -3.000000
1390525200 -2.000000
1390528800 -2.000000
1390532400 -1.000000
1390536000 0.000000
1390539600 1.000000
1390543200 3.000000
1390546800 4.000000
1390550400 4.000000
1390554000 5.000000
1390557600 9.000000
1390561200 12.000000
1390564800 16.000000
1390568400 20.000000
1390572000 23.000000
1390575600 27.000000
1390579200 29.000000
1390582800 32.000000
1390586400 34.000000
1390590000 34.000000
1390593600 34.000000
1390597200 34.000000
1390600800 35.000000
1390604400 36.000000
1390608000 37.000000
1390611600 34.000000
1390615200 30.000000
1390618800 27.000000
1390622400 26.000000
1390626000 24.000000
1390629600 23.000000
1390633200 22.000000
1390636800 20.000000
1390640400 19.000000
1390644000 18.000000
1390647600 17.000000
1390651200 16.000000
1390654800 15.000000
1390658400 13.000000
1390662000 12.000000
1390665600 11.000000
1390669200 10.000000
1390672800 9.000000
1390676400 11.000000
1390680000 12.000000
1390683600 14.000000
1390687200 14.000000
1390690800 14.000000
1390694400 14.000000
1390698000 11.000000
1390701600 8.000000
1390705200 5.000000
1390708800 6.000000
1390712400 6.000000
1390716000 7.000000
1390719600 6.000000
1390723200 4.000000
1390726800 3.000000
1390730400 5.000000
1390734000 7.000000
1390737600 9.000000
1390741200 12.000000
1390744800 15.000000
1390748400 18.000000
1390752000 15.000000
1390755600 13.000000
1390759200 10.000000
1390762800 8.000000
1390766400 7.000000
1390770000 5.000000
1390773600 7.000000
1390777200 8.000000
1390780800 10.000000
1390784400 4.000000
1390788000 -1.000000
1390791600 -7.000000
1390795200 -4.000000
1390798800 -2.000000
1390802400 0.000000
1390806000 -6.000000
1390809600 -14.000000
1390813200 -21.000000
1390816800 -19.000000
1390820400 -16.000000
1390824000 -14.000000
1390827600 -15.000000
1390831200 -15.000000
1390834800 -16.000000
1390838400 -13.000000
1390842000 -11.000000
1390845600 -8.000000
1390849200 -8.000000
1390852800 -7.000000
1390856400 -7.000000
1390860000 -7.000000
1390863600 -8.000000
1390867200 -8.000000
1390870800 -8.000000
1390874400 -8.000000
1390878000 -8.000000
1390881600 -8.000000
1390885200 -8.000000
1390888800 -8.000000
1390892400 -14.000000
1390896000 -19.000000
1390899600 -25.000000
1390903200 -23.000000
1390906800 -21.000000
1390910400 -19.000000
1390914000 -20.000000
1390917600 -20.000000
1390921200 -21.000000
1390924800 -15.000000
1390928400 -9.000000
1390932000 -3.000000
1390935600 -2.000000
1390939200 -2.000000
1390942800 -1.000000
1390946400 -3.000000
1390950000 -5.000000
1390953600 -7.000000
1390957200 -7.000000
1390960800 -8.000000
1390964400 -8.000000
1390968000 -9.000000
1390971600 -9.000000
1390975200 -10.000000
1390978800 -14.000000
1390982400 -19.000000
1390986000 -23.000000
1390989600 -21.000000
1390993200 -19.000000
1390996800 -17.000000
1391000400 -12.000000
1391004000 -8.000000
1391007600 -3.000000
1391011200 -1.000000
1391014800 0.000000
1391018400 1.000000
1391022000 2.000000
1391025600 4.000000
1391029200 5.000000
1391032800 4.000000
1391036400 4.000000
1391040000 3.000000
1391043600 2.000000
1391047200 2.000000
1391050800 1.000000
1391054400 1.000000
1391058000 0.000000
1391061600 0.000000
1391065200 3.000000
1391068800 6.000000
1391072400 9.000000
1391076000 5.000000
1391079600 2.000000
1391083200 -1.000000
1391086800 -2.000000
1391090400 -2.000000
1391094000 -3.000000
1391097600 -4.000000
1391101200 -4.000000
1391104800 -5.000000
1391108400 -6.000000
1391112000 -6.000000
1391115600 -7.000000
1391119200 -1.000000
1391122800 4.000000
1391126400 10.000000
1391130000 3.000000
1391133600 -3.000000
1391137200 -10.000000
1391140800 -3.000000
1391144400 2.000000
1391148000 9.000000
1391151600 9.000000
1391155200 9.000000
1391158800 9.000000
1391162400 8.000000
1391166000 8.000000
1391169600 7.000000
1391173200 4.000000
1391176800 1.000000
1391180400 -1.000000
1391184000 1.000000
1391187600 4.000000
1391191200 7.000000
1391194800 9.000000
1391198400 12.000000
1391202000 14.000000
1391205600 14.000000
1391209200 14.000000
1391212800 14.000000
1391216400 13.000000
1391220000 13.000000
1391223600 12.000000
1391227200 11.000000
1391230800 11.000000
1391234400 10.000000
1391238000 10.000000
1391241600 10.000000
1391245200 10.000000
1391248800 10.000000
1391252400 9.000000
1391256000 9.000000
1391259600 10.000000
1391263200 11.000000
1391266800 12.000000
1391270400 13.000000
1391274000 15.000000
1391277600 16.000000
1391281200 15.000000
1391284800 15.000000
1391288400 14.000000
1391292000 13.000000
1391295600 13.000000
1391299200 12.000000
1391302800 11.000000
1391306400 11.000000
1391310000 10.000000
