1394388000 37.000000
1394391600 39.000000
1394395200 41.000000
1394398800 43.000000
1394402400 43.000000
1394406000 43.000000
1394409600 43.000000
1394413200 40.000000
1394416800 37.000000
1394420400 34.000000
1394424000 34.000000
1394427600 34.000000
1394431200 34.000000
1394434800 34.000000
1394438400 34.000000
1394442000 34.000000
1394445600 35.000000
1394449200 35.000000
1394452800 36.000000
1394456400 38.000000
1394460000 39.000000
1394463600 41.000000
1394467200 43.000000
1394470800 46.000000
1394474400 48.000000
1394478000 47.000000
1394481600 47.000000
1394485200 46.000000
1394488800 46.000000
1394492400 45.000000
1394496000 45.000000
1394499600 42.000000
1394503200 39.000000
1394506800 36.000000
1394510400 36.000000
1394514000 37.000000
1394517600 37.000000
1394521200 37.000000
1394524800 36.000000
1394528400 36.000000
1394532000 35.000000
1394535600 33.000000
1394539200 32.000000
1394542800 33.000000
1394546400 33.000000
1394550000 34.000000
1394553600 35.000000
1394557200 35.000000
1394560800 36.000000
1394564400 37.000000
1394568000 38.000000
1394571600 39.000000
1394575200 38.000000
1394578800 37.000000
1394582400 36.000000
1394586000 35.000000
1394589600 33.000000
1394593200 32.000000
1394596800 31.000000
1394600400 29.000000
1394604000 28.000000
1394607600 26.000000
1394611200 23.000000
1394614800 21.000000
1394618400 20.000000
1394622000 20.000000
1394625600 19.000000
1394629200 20.000000
1394632800 20.000000
1394636400 21.000000
1394640000 21.000000
1394643600 21.000000
1394647200 21.000000
1394650800 22.000000
1394654400 24.000000
1394658000 25.000000
1394661600 27.000000
1394665200 28.000000
1394668800 30.000000
1394672400 26.000000
1394676000 22.000000
1394679600 18.000000
1394683200 19.000000
1394686800 20.000000
1394690400 21.000000
1394694000 23.000000
1394697600 26.000000
1394701200 28.000000
1394704800 24.000000
1394708400 20.000000
1394712000 16.000000
1394715600 20.000000
1394719200 24.000000
1394722800 28.000000
1394726400 32.000000
1394730000 35.000000
1394733600 39.000000
1394737200 40.000000
1394740800 42.000000
1394744400 43.000000
1394748000 42.000000
1394751600 40.000000
1394755200 39.000000
1394758800 38.000000
1394762400 38.000000
1394766000 37.000000
1394769600 35.000000
1394773200 34.000000
1394776800 32.000000
1394780400 32.000000
1394784000 32.000000
1394787600 32.000000
1394791200 31.000000
1394794800 31.000000
1394798400 30.000000
1394802000 31.000000
1394805600 31.000000
1394809200 32.000000
1394812800 34.000000
1394816400 37.000000
1394820000 39.000000
1394823600 39.000000
1394827200 39.000000
1394830800 39.000000
1394834400 38.000000
1394838000 37.000000
1394841600 36.000000
1394845200 35.000000
1394848800 33.000000
1394852400 32.000000
1394856000 31.000000
1394859600 31.000000
1394863200 30.000000
1394866800 29.000000
1394870400 28.000000
1394874000 27.000000
1394877600 26.000000
1394881200 24.000000
1394884800 23.000000
1394888400 24.000000
1394892000 26.000000
1394895600 27.000000
1394899200 29.000000
1394902800 30.000000
1394906400 32.000000
1394910000 35.000000
1394913600 38.000000
1394917200 41.000000
1394920800 39.000000
1394924400 38.000000
1394928000 36.000000
1394931600 34.000000
1394935200 32.000000
1394938800 30.000000
1394942400 24.000000
1394946000 18.000000
1394949600 12.000000
1394953200 16.000000
1394956800 21.000000
1394960400 25.000000
1394964000 18.000000
1394967600 10.000000
1394971200 3.000000
1394974800 10.000000
1394978400 16.000000
1394982000 23.000000
1394985600 25.000000
1394989200 26.000000
1394992800 28.000000
1394996400 31.000000
1395000000 33.000000
1395003600 36.000000
1395007200 35.000000
1395010800 35.000000
1395014400 34.000000
1395018000 33.000000
1395021600 33.000000
1395025200 32.000000
1395028800 31.000000
1395032400 31.000000
1395036000 30.000000
1395039600 26.000000
1395043200 22.000000
1395046800 18.000000
1395050400 17.000000
1395054000 17.000000
1395057600 16.000000
1395061200 18.000000
1395064800 19.000000
1395068400 21.000000
1395072000 23.000000
1395075600 26.000000
1395079200 28.000000
1395082800 31.000000
1395086400 33.000000
1395090000 36.000000
1395093600 36.000000
1395097200 37.000000
1395100800 37.000000
1395104400 36.000000
1395108000 35.000000
1395111600 34.000000
1395115200 33.000000
1395118800 33.000000
1395122400 32.000000
1395126000 28.000000
1395129600 25.000000
1395133200 21.000000
1395136800 20.000000
1395140400 20.000000
1395144000 19.000000
1395147600 21.000000
1395151200 23.000000
1395154800 25.000000
1395158400 27.000000
1395162000 30.000000
1395165600 32.000000
1395169200 33.000000
1395172800 35.000000
1395176400 36.000000
1395180000 35.000000
1395183600 35.000000
1395187200 34.000000
1395190800 32.000000
1395194400 29.000000
1395198000 27.000000
1395201600 26.000000
1395205200 24.000000
1395208800 23.000000
1395212400 22.000000
1395216000 20.000000
1395219600 19.000000
1395223200 18.000000
1395226800 17.000000
1395230400 16.000000
1395234000 18.000000
1395237600 21.000000
1395241200 23.000000
1395244800 25.000000
1395248400 28.000000
