1392188400 16.000000
1392192000 16.000000
1392195600 16.000000
1392199200 15.000000
1392202800 13.000000
1392206400 12.000000
1392210000 13.000000
1392213600 15.000000
1392217200 16.000000
1392220800 18.000000
1392224400 19.000000
1392228000 21.000000
1392231600 21.000000
1392235200 21.000000
1392238800 21.000000
1392242400 20.000000
1392246000 19.000000
1392249600 18.000000
1392253200 21.000000
1392256800 24.000000
1392260400 27.000000
1392264000 26.000000
1392267600 24.000000
1392271200 23.000000
1392274800 23.000000
1392278400 23.000000
1392282000 23.000000
1392285600 25.000000
1392289200 28.000000
1392292800 30.000000
1392296400 29.000000
1392300000 28.000000
1392303600 27.000000
1392307200 29.000000
1392310800 30.000000
1392314400 32.000000
1392318000 31.000000
1392321600 29.000000
1392325200 28.000000
1392328800 27.000000
1392332400 26.000000
1392336000 25.000000
1392339600 25.000000
1392343200 25.000000
1392346800 25.000000
1392350400 22.000000
1392354000 19.000000
1392357600 16.000000
1392361200 15.000000
1392364800 15.000000
1392368400 14.000000
1392372000 13.000000
1392375600 11.000000
1392379200 10.000000
1392382800 9.000000
1392386400 8.000000
1392390000 7.000000
1392393600 9.000000
1392397200 10.000000
1392400800 12.000000
1392404400 14.000000
1392408000 16.000000
1392411600 18.000000
1392415200 16.000000
1392418800 14.000000
1392422400 12.000000
1392426000 10.000000
1392429600 9.000000
1392433200 7.000000
1392436800 6.000000
1392440400 6.000000
1392444000 5.000000
1392447600 2.000000
1392451200 0.000000
1392454800 -3.000000
1392458400 0.000000
1392462000 5.000000
1392465600 9.000000
1392469200 8.000000
1392472800 6.000000
1392476400 5.000000
1392480000 7.000000
1392483600 10.000000
1392487200 12.000000
1392490800 13.000000
1392494400 15.000000
1392498000 16.000000
1392501600 20.000000
1392505200 23.000000
1392508800 27.000000
1392512400 26.000000
1392516000 26.000000
1392519600 25.000000
1392523200 25.000000
1392526800 25.000000
1392530400 25.000000
1392534000 24.000000
1392537600 22.000000
1392541200 21.000000
1392544800 17.000000
1392548400 14.000000
1392552000 10.000000
1392555600 10.000000
1392559200 10.000000
1392562800 10.000000
1392566400 19.000000
1392570000 27.000000
1392573600 36.000000
1392577200 30.000000
1392580800 25.000000
1392584400 19.000000
1392588000 20.000000
1392591600 20.000000
1392595200 21.000000
1392598800 23.000000
1392602400 25.000000
1392606000 27.000000
1392609600 27.000000
1392613200 28.000000
1392616800 28.000000
1392620400 29.000000
1392624000 31.000000
1392627600 32.000000
1392631200 31.000000
1392634800 31.000000
1392638400 30.000000
1392642000 28.000000
1392645600 27.000000
1392649200 25.000000
1392652800 28.000000
1392656400 31.000000
1392660000 34.000000
1392663600 34.000000
1392667200 34.000000
1392670800 34.000000
1392674400 31.000000
1392678000 28.000000
1392681600 25.000000
1392685200 26.000000
1392688800 26.000000
1392692400 27.000000
1392696000 24.000000
1392699600 22.000000
1392703200 19.000000
1392706800 16.000000
1392710400 13.000000
1392714000 10.000000
1392717600 12.000000
1392721200 14.000000
1392724800 16.000000
1392728400 18.000000
1392732000 21.000000
1392735600 23.000000
1392739200 24.000000
1392742800 24.000000
1392746400 25.000000
1392750000 28.000000
1392753600 31.000000
1392757200 34.000000
1392760800 33.000000
1392764400 33.000000
1392768000 32.000000
1392771600 30.000000
1392775200 29.000000
1392778800 27.000000
1392782400 26.000000
1392786000 26.000000
1392789600 25.000000
1392793200 26.000000
1392796800 27.000000
1392800400 28.000000
1392804000 26.000000
1392807600 25.000000
1392811200 23.000000
1392814800 25.000000
1392818400 26.000000
1392822000 28.000000
1392825600 29.000000
1392829200 31.000000
1392832800 32.000000
1392836400 31.000000
1392840000 31.000000
1392843600 30.000000
1392847200 29.000000
1392850800 28.000000
1392854400 27.000000
1392858000 27.000000
1392861600 28.000000
1392865200 28.000000
1392868800 29.000000
1392872400 29.000000
1392876000 30.000000
1392879600 30.000000
1392883200 30.000000
1392886800 30.000000
1392890400 30.000000
1392894000 30.000000
1392897600 30.000000
1392901200 29.000000
1392904800 29.000000
1392908400 28.000000
1392912000 31.000000
1392915600 33.000000
1392919200 36.000000
1392922800 35.000000
1392926400 33.000000
1392930000 32.000000
1392933600 31.000000
1392937200 29.000000
1392940800 28.000000
1392944400 28.000000
1392948000 28.000000
1392951600 28.000000
1392955200 28.000000
1392958800 27.000000
1392962400 27.000000
1392966000 26.000000
1392969600 26.000000
1392973200 25.000000
1392976800 25.000000
1392980400 25.000000
1392984000 25.000000
1392987600 24.000000
1392991200 24.000000
1392994800 23.000000
1392998400 25.000000
1393002000 28.000000
1393005600 30.000000
1393009200 29.000000
1393012800 28.000000
1393016400 27.000000
1393020000 25.000000
1393023600 23.000000
1393027200 21.000000
1393030800 21.000000
1393034400 21.000000
1393038000 21.000000
1393041600 20.000000
1393045200 20.000000
1393048800 19.000000
