1390147200 31.000000
1390150800 33.000000
1390154400 36.000000
1390158000 33.000000
1390161600 31.000000
1390165200 28.000000
1390168800 28.000000
1390172400 27.000000
1390176000 27.000000
1390179600 27.000000
1390183200 27.000000
1390186800 27.000000
1390190400 26.000000
1390194000 24.000000
1390197600 23.000000
1390201200 23.000000
1390204800 23.000000
1390208400 23.000000
1390212000 21.000000
1390215600 20.000000
1390219200 18.000000
1390222800 16.000000
1390226400 14.000000
1390230000 12.000000
1390233600 13.000000
1390237200 13.000000
1390240800 14.000000
1390244400 11.000000
1390248000 8.000000
1390251600 5.000000
1390255200 7.000000
1390258800 8.000000
1390262400 10.000000
1390266000 7.000000
1390269600 3.000000
1390273200 0.000000
1390276800 -1.000000
1390280400 -3.000000
1390284000 -5.000000
1390287600 -6.000000
1390291200 -6.000000
1390294800 -7.000000
1390298400 -8.000000
1390302000 -9.000000
1390305600 -10.000000
1390309200 -10.000000
1390312800 -10.000000
1390316400 -10.000000
1390320000 -8.000000
1390323600 -5.000000
1390327200 -3.000000
1390330800 -2.000000
1390334400 0.000000
1390338000 0.000000
1390341600 0.000000
1390345200 -2.000000
1390348800 -3.000000
1390352400 -2.000000
1390356000 -2.000000
1390359600 -1.000000
1390363200 0.000000
1390366800 0.000000
1390370400 0.000000
1390374000 2.000000
1390377600 3.000000
1390381200 5.000000
1390384800 5.000000
1390388400 5.000000
1390392000 5.000000
1390395600 4.000000
1390399200 2.000000
1390402800 1.000000
1390406400 2.000000
1390410000 2.000000
1390413600 3.000000
1390417200 2.000000
1390420800 2.000000
1390424400 1.000000
1390428000 1.000000
1390431600 1.000000
1390435200 1.000000
1390438800 0.000000
1390442400 0.000000
1390446000 -1.000000
1390449600 -2.000000
1390453200 -4.000000
1390456800 -5.000000
1390460400 -5.000000
1390464000 -5.000000
1390467600 -5.000000
1390471200 -7.000000
1390474800 -8.000000
1390478400 -10.000000
1390482000 -9.000000
1390485600 -9.000000
1390489200 -8.000000
1390492800 -7.000000
1390496400 -6.000000
1390500000 -5.000000
1390503600 -5.000000
1390507200 -5.000000
1390510800 -5.000000
1390514400 -3.000000
1390518000 0.000000
1390521600 1.000000
1390525200 2.000000
1390528800 4.000000
1390532400 5.000000
1390536000 7.000000
1390539600 8.000000
1390543200 10.000000
1390546800 11.000000
1390550400 13.000000
1390554000 14.000000
1390557600 14.000000
1390561200 14.000000
1390564800 14.000000
1390568400 13.000000
1390572000 13.000000
1390575600 12.000000
1390579200 14.000000
1390582800 16.000000
1390586400 18.000000
1390590000 19.000000
1390593600 20.000000
1390597200 21.000000
1390600800 18.000000
1390604400 15.000000
1390608000 12.000000
1390611600 14.000000
1390615200 16.000000
1390618800 18.000000
1390622400 20.000000
1390626000 21.000000
1390629600 23.000000
1390633200 21.000000
1390636800 18.000000
1390640400 16.000000
1390644000 15.000000
1390647600 15.000000
1390651200 14.000000
1390654800 15.000000
1390658400 17.000000
1390662000 18.000000
1390665600 18.000000
1390669200 19.000000
1390672800 19.000000
1390676400 19.000000
1390680000 18.000000
1390683600 18.000000
1390687200 14.000000
1390690800 11.000000
1390694400 7.000000
1390698000 9.000000
1390701600 12.000000
1390705200 14.000000
1390708800 13.000000
1390712400 11.000000
1390716000 10.000000
1390719600 10.000000
1390723200 9.000000
1390726800 9.000000
1390730400 9.000000
1390734000 9.000000
1390737600 9.000000
1390741200 9.000000
1390744800 10.000000
1390748400 10.000000
1390752000 10.000000
1390755600 10.000000
1390759200 10.000000
1390762800 10.000000
1390766400 10.000000
1390770000 10.000000
1390773600 10.000000
1390777200 9.000000
1390780800 9.000000
1390784400 8.000000
1390788000 8.000000
1390791600 7.000000
1390795200 6.000000
1390798800 4.000000
1390802400 3.000000
1390806000 3.000000
1390809600 3.000000
1390813200 3.000000
1390816800 2.000000
1390820400 2.000000
1390824000 1.000000
1390827600 2.000000
1390831200 2.000000
1390834800 3.000000
1390838400 4.000000
1390842000 6.000000
1390845600 7.000000
1390849200 6.000000
1390852800 6.000000
1390856400 5.000000
1390860000 4.000000
1390863600 4.000000
1390867200 3.000000
1390870800 2.000000
1390874400 2.000000
1390878000 1.000000
1390881600 1.000000
1390885200 1.000000
1390888800 1.000000
1390892400 1.000000
1390896000 1.000000
1390899600 1.000000
1390903200 1.000000
1390906800 1.000000
1390910400 1.000000
1390914000 2.000000
1390917600 4.000000
1390921200 5.000000
1390924800 6.000000
1390928400 8.000000
1390932000 9.000000
1390935600 9.000000
1390939200 9.000000
1390942800 9.000000
1390946400 9.000000
1390950000 9.000000
1390953600 9.000000
1390957200 9.000000
1390960800 9.000000
1390964400 9.000000
1390968000 9.000000
1390971600 9.000000
1390975200 9.000000
1390978800 9.000000
1390982400 9.000000
1390986000 9.000000
1390989600 9.000000
1390993200 10.000000
1390996800 10.000000
1391000400 11.000000
1391004000 13.000000
1391007600 14.000000
