1393956000 16.000000
1393959600 17.000000
1393963200 18.000000
1393966800 19.000000
1393970400 19.000000
1393974000 18.000000
1393977600 18.000000
1393981200 18.000000
1393984800 18.000000
1393988400 18.000000
1393992000 17.000000
1393995600 15.000000
1393999200 14.000000
1394002800 11.000000
1394006400 8.000000
1394010000 5.000000
1394013600 3.000000
1394017200 2.000000
1394020800 0.000000
1394024400 5.000000
1394028000 11.000000
1394031600 16.000000
1394035200 18.000000
1394038800 19.000000
1394042400 21.000000
1394046000 22.000000
1394049600 22.000000
1394053200 23.000000
1394056800 23.000000
1394060400 23.000000
1394064000 23.000000
1394067600 21.000000
1394071200 18.000000
1394074800 16.000000
1394078400 16.000000
1394082000 16.000000
1394085600 16.000000
1394089200 17.000000
1394092800 17.000000
1394096400 18.000000
1394100000 16.000000
1394103600 14.000000
1394107200 12.000000
1394110800 15.000000
1394114400 18.000000
1394118000 21.000000
1394121600 23.000000
1394125200 25.000000
1394128800 27.000000
1394132400 26.000000
1394136000 26.000000
1394139600 25.000000
1394143200 26.000000
1394146800 27.000000
1394150400 28.000000
1394154000 27.000000
1394157600 26.000000
1394161200 25.000000
1394164800 24.000000
1394168400 24.000000
1394172000 23.000000
1394175600 25.000000
1394179200 28.000000
1394182800 30.000000
1394186400 26.000000
1394190000 23.000000
1394193600 19.000000
1394197200 23.000000
1394200800 26.000000
1394204400 30.000000
1394208000 32.000000
1394211600 35.000000
1394215200 37.000000
1394218800 37.000000
1394222400 36.000000
1394226000 36.000000
1394229600 33.000000
1394233200 31.000000
1394236800 28.000000
1394240400 29.000000
1394244000 31.000000
1394247600 32.000000
1394251200 26.000000
1394254800 20.000000
1394258400 14.000000
1394262000 12.000000
1394265600 11.000000
1394269200 9.000000
1394272800 8.000000
1394276400 8.000000
1394280000 7.000000
1394283600 11.000000
1394287200 15.000000
1394290800 19.000000
1394294400 22.000000
1394298000 25.000000
1394301600 28.000000
1394305200 29.000000
1394308800 29.000000
1394312400 30.000000
1394316000 28.000000
1394319600 25.000000
1394323200 23.000000
1394326800 19.000000
1394330400 16.000000
1394334000 12.000000
1394337600 13.000000
1394341200 13.000000
1394344800 14.000000
1394348400 12.000000
1394352000 9.000000
1394355600 7.000000
1394359200 8.000000
1394362800 8.000000
1394366400 9.000000
1394370000 11.000000
1394373600 12.000000
1394377200 14.000000
1394380800 19.000000
1394384400 25.000000
1394388000 30.000000
1394391600 30.000000
1394395200 30.000000
1394398800 30.000000
1394402400 29.000000
1394406000 29.000000
1394409600 28.000000
1394413200 29.000000
1394416800 29.000000
1394420400 30.000000
1394424000 29.000000
1394427600 29.000000
1394431200 28.000000
1394434800 28.000000
1394438400 27.000000
1394442000 27.000000
1394445600 26.000000
1394449200 24.000000
1394452800 23.000000
1394456400 26.000000
1394460000 29.000000
1394463600 32.000000
1394467200 33.000000
1394470800 35.000000
1394474400 36.000000
1394478000 34.000000
1394481600 32.000000
1394485200 30.000000
1394488800 34.000000
1394492400 37.000000
1394496000 41.000000
1394499600 40.000000
1394503200 40.000000
1394506800 39.000000
1394510400 37.000000
1394514000 36.000000
1394517600 34.000000
1394521200 30.000000
1394524800 27.000000
1394528400 23.000000
1394532000 24.000000
1394535600 26.000000
1394539200 27.000000
1394542800 25.000000
1394546400 23.000000
1394550000 21.000000
1394553600 21.000000
1394557200 21.000000
1394560800 21.000000
1394564400 23.000000
1394568000 25.000000
1394571600 27.000000
1394575200 27.000000
1394578800 27.000000
1394582400 27.000000
1394586000 26.000000
1394589600 24.000000
1394593200 23.000000
1394596800 21.000000
1394600400 18.000000
1394604000 16.000000
1394607600 14.000000
1394611200 12.000000
1394614800 10.000000
1394618400 10.000000
1394622000 9.000000
1394625600 9.000000
1394629200 10.000000
1394632800 11.000000
1394636400 12.000000
1394640000 14.000000
1394643600 16.000000
1394647200 18.000000
1394650800 20.000000
1394654400 21.000000
1394658000 23.000000
1394661600 24.000000
1394665200 26.000000
1394668800 27.000000
1394672400 25.000000
1394676000 23.000000
1394679600 21.000000
1394683200 19.000000
1394686800 16.000000
1394690400 14.000000
1394694000 13.000000
1394697600 13.000000
1394701200 12.000000
1394704800 12.000000
1394708400 12.000000
1394712000 12.000000
1394715600 14.000000
1394719200 16.000000
1394722800 18.000000
1394726400 19.000000
1394730000 20.000000
1394733600 21.000000
1394737200 21.000000
1394740800 21.000000
1394744400 21.000000
1394748000 22.000000
1394751600 24.000000
1394755200 25.000000
1394758800 23.000000
1394762400 21.000000
1394766000 19.000000
1394769600 19.000000
1394773200 18.000000
1394776800 18.000000
1394780400 17.000000
1394784000 17.000000
1394787600 16.000000
1394791200 15.000000
1394794800 15.000000
1394798400 14.000000
1394802000 16.000000
1394805600 17.000000
1394809200 19.000000
1394812800 21.000000
1394816400 23.000000
