1391929200 3.000000
1391932800 0.000000
1391936400 -1.000000
1391940000 -2.000000
1391943600 -2.000000
1391947200 -3.000000
1391950800 -2.000000
1391954400 -2.000000
1391958000 -1.000000
1391961600 0.000000
1391965200 1.000000
1391968800 3.000000
1391972400 4.000000
1391976000 6.000000
1391979600 7.000000
1391983200 6.000000
1391986800 4.000000
1391990400 3.000000
1391994000 2.000000
1391997600 1.000000
1392001200 0.000000
1392004800 -1.000000
1392008400 -3.000000
1392012000 -5.000000
1392015600 -7.000000
1392019200 -10.000000
1392022800 -12.000000
1392026400 -12.000000
1392030000 -12.000000
1392033600 -12.000000
1392037200 -11.000000
1392040800 -11.000000
1392044400 -10.000000
1392048000 -7.000000
1392051600 -4.000000
1392055200 -1.000000
1392058800 0.000000
1392062400 3.000000
1392066000 5.000000
1392069600 4.000000
1392073200 4.000000
1392076800 3.000000
1392080400 -1.000000
1392084000 -5.000000
1392087600 -10.000000
1392091200 -11.000000
1392094800 -13.000000
1392098400 -14.000000
1392102000 -13.000000
1392105600 -13.000000
1392109200 -12.000000
1392112800 -13.000000
1392116400 -13.000000
1392120000 -14.000000
1392123600 -11.000000
1392127200 -8.000000
1392130800 -5.000000
1392134400 -1.000000
1392138000 3.000000
1392141600 7.000000
1392145200 8.000000
1392148800 8.000000
1392152400 9.000000
1392156000 9.000000
1392159600 10.000000
1392163200 10.000000
1392166800 12.000000
1392170400 14.000000
1392174000 16.000000
1392177600 16.000000
1392181200 16.000000
1392184800 16.000000
1392188400 17.000000
1392192000 18.000000
1392195600 19.000000
1392199200 17.000000
1392202800 14.000000
1392206400 12.000000
1392210000 12.000000
1392213600 12.000000
1392217200 12.000000
1392220800 16.000000
1392224400 21.000000
1392228000 25.000000
1392231600 29.000000
1392235200 32.000000
1392238800 36.000000
1392242400 32.000000
1392246000 29.000000
1392249600 25.000000
1392253200 26.000000
1392256800 27.000000
1392260400 28.000000
1392264000 26.000000
1392267600 25.000000
1392271200 23.000000
1392274800 24.000000
1392278400 24.000000
1392282000 25.000000
1392285600 24.000000
1392289200 22.000000
1392292800 21.000000
1392296400 19.000000
1392300000 18.000000
1392303600 16.000000
1392307200 18.000000
1392310800 19.000000
1392314400 21.000000
1392318000 19.000000
1392321600 18.000000
1392325200 16.000000
1392328800 18.000000
1392332400 21.000000
1392336000 23.000000
1392339600 21.000000
1392343200 20.000000
1392346800 18.000000
1392350400 17.000000
1392354000 15.000000
1392357600 14.000000
1392361200 12.000000
1392364800 11.000000
1392368400 9.000000
1392372000 15.000000
1392375600 21.000000
1392379200 27.000000
1392382800 21.000000
1392386400 15.000000
1392390000 9.000000
1392393600 12.000000
1392397200 16.000000
1392400800 19.000000
1392404400 20.000000
1392408000 22.000000
1392411600 23.000000
1392415200 23.000000
1392418800 23.000000
1392422400 23.000000
1392426000 21.000000
1392429600 20.000000
1392433200 18.000000
1392436800 19.000000
1392440400 20.000000
1392444000 21.000000
1392447600 13.000000
1392451200 6.000000
1392454800 -1.000000
1392458400 4.000000
1392462000 10.000000
1392465600 16.000000
1392469200 15.000000
1392472800 13.000000
1392476400 12.000000
1392480000 13.000000
1392483600 15.000000
1392487200 16.000000
1392490800 17.000000
1392494400 17.000000
1392498000 18.000000
1392501600 17.000000
1392505200 15.000000
1392508800 14.000000
1392512400 12.000000
1392516000 11.000000
1392519600 9.000000
1392523200 8.000000
1392526800 8.000000
1392530400 7.000000
1392534000 5.000000
1392537600 3.000000
1392541200 1.000000
1392544800 3.000000
1392548400 5.000000
1392552000 7.000000
1392555600 9.000000
1392559200 10.000000
1392562800 12.000000
1392566400 13.000000
1392570000 15.000000
1392573600 16.000000
1392577200 18.000000
1392580800 19.000000
1392584400 21.000000
1392588000 19.000000
1392591600 18.000000
1392595200 16.000000
1392598800 16.000000
1392602400 16.000000
1392606000 16.000000
1392609600 16.000000
1392613200 16.000000
1392616800 16.000000
1392620400 16.000000
1392624000 16.000000
1392627600 16.000000
1392631200 16.000000
1392634800 16.000000
1392638400 16.000000
1392642000 17.000000
1392645600 18.000000
1392649200 19.000000
1392652800 21.000000
1392656400 23.000000
1392660000 25.000000
1392663600 24.000000
1392667200 24.000000
1392670800 23.000000
1392674400 22.000000
1392678000 22.000000
1392681600 21.000000
1392685200 21.000000
1392688800 21.000000
1392692400 21.000000
1392696000 20.000000
1392699600 20.000000
1392703200 19.000000
1392706800 19.000000
1392710400 19.000000
1392714000 19.000000
1392717600 19.000000
1392721200 18.000000
1392724800 18.000000
1392728400 18.000000
1392732000 18.000000
1392735600 18.000000
1392739200 21.000000
1392742800 24.000000
1392746400 27.000000
1392750000 26.000000
1392753600 26.000000
1392757200 25.000000
1392760800 25.000000
1392764400 25.000000
1392768000 25.000000
1392771600 24.000000
1392775200 24.000000
1392778800 23.000000
1392782400 23.000000
1392786000 23.000000
1392789600 23.000000
