1392606000 19.000000
1392609600 19.000000
1392613200 18.000000
1392616800 18.000000
1392620400 19.000000
1392624000 20.000000
1392627600 21.000000
1392631200 22.000000
1392634800 22.000000
1392638400 23.000000
1392642000 24.000000
1392645600 26.000000
1392649200 27.000000
1392652800 29.000000
1392656400 30.000000
1392660000 32.000000
1392663600 33.000000
1392667200 35.000000
1392670800 36.000000
1392674400 33.000000
1392678000 31.000000
1392681600 28.000000
1392685200 30.000000
1392688800 32.000000
1392692400 34.000000
1392696000 31.000000
1392699600 28.000000
1392703200 25.000000
1392706800 27.000000
1392710400 30.000000
1392714000 32.000000
1392717600 32.000000
1392721200 32.000000
1392724800 32.000000
1392728400 33.000000
1392732000 35.000000
1392735600 36.000000
1392739200 36.000000
1392742800 37.000000
1392746400 37.000000
1392750000 37.000000
1392753600 37.000000
1392757200 37.000000
1392760800 37.000000
1392764400 36.000000
1392768000 36.000000
1392771600 35.000000
1392775200 33.000000
1392778800 32.000000
1392782400 30.000000
1392786000 29.000000
1392789600 27.000000
1392793200 26.000000
1392796800 24.000000
1392800400 23.000000
1392804000 22.000000
1392807600 22.000000
1392811200 21.000000
1392814800 23.000000
1392818400 25.000000
1392822000 27.000000
1392825600 29.000000
1392829200 32.000000
1392832800 34.000000
1392836400 35.000000
1392840000 36.000000
1392843600 37.000000
1392847200 38.000000
1392850800 38.000000
1392854400 39.000000
1392858000 39.000000
1392861600 39.000000
1392865200 39.000000
1392868800 38.000000
1392872400 37.000000
1392876000 36.000000
1392879600 34.000000
1392883200 32.000000
1392886800 30.000000
1392890400 29.000000
1392894000 29.000000
1392897600 28.000000
1392901200 29.000000
1392904800 31.000000
1392908400 32.000000
1392912000 34.000000
1392915600 35.000000
1392919200 37.000000
1392922800 37.000000
1392926400 37.000000
1392930000 37.000000
1392933600 37.000000
1392937200 36.000000
1392940800 36.000000
1392944400 35.000000
1392948000 33.000000
1392951600 32.000000
1392955200 32.000000
1392958800 32.000000
1392962400 32.000000
1392966000 28.000000
1392969600 23.000000
1392973200 19.000000
1392976800 19.000000
1392980400 18.000000
1392984000 18.000000
1392987600 18.000000
1392991200 19.000000
1392994800 19.000000
1392998400 22.000000
1393002000 24.000000
1393005600 27.000000
1393009200 26.000000
1393012800 26.000000
1393016400 25.000000
1393020000 25.000000
1393023600 25.000000
1393027200 25.000000
1393030800 24.000000
1393034400 22.000000
1393038000 21.000000
1393041600 20.000000
1393045200 19.000000
1393048800 18.000000
1393052400 18.000000
1393056000 18.000000
1393059600 18.000000
1393063200 16.000000
1393066800 14.000000
1393070400 12.000000
1393074000 13.000000
1393077600 13.000000
1393081200 14.000000
1393084800 16.000000
1393088400 19.000000
1393092000 21.000000
1393095600 19.000000
1393099200 16.000000
1393102800 14.000000
1393106400 13.000000
1393110000 13.000000
1393113600 12.000000
1393117200 10.000000
1393120800 9.000000
1393124400 7.000000
1393128000 4.000000
1393131600 1.000000
1393135200 -1.000000
1393138800 0.000000
1393142400 1.000000
1393146000 3.000000
1393149600 2.000000
1393153200 2.000000
1393156800 1.000000
1393160400 2.000000
1393164000 4.000000
1393167600 5.000000
1393171200 7.000000
1393174800 8.000000
1393178400 10.000000
1393182000 10.000000
1393185600 9.000000
1393189200 9.000000
1393192800 8.000000
1393196400 8.000000
1393200000 7.000000
1393203600 5.000000
1393207200 3.000000
1393210800 1.000000
1393214400 1.000000
1393218000 0.000000
1393221600 0.000000
1393225200 0.000000
1393228800 0.000000
1393232400 0.000000
1393236000 0.000000
1393239600 0.000000
1393243200 0.000000
1393246800 2.000000
1393250400 3.000000
1393254000 5.000000
1393257600 7.000000
1393261200 8.000000
1393264800 10.000000
1393268400 11.000000
1393272000 11.000000
1393275600 12.000000
1393279200 10.000000
1393282800 9.000000
1393286400 7.000000
1393290000 6.000000
1393293600 4.000000
1393297200 3.000000
1393300800 2.000000
1393304400 2.000000
1393308000 1.000000
1393311600 1.000000
1393315200 1.000000
1393318800 1.000000
1393322400 1.000000
1393326000 1.000000
1393329600 1.000000
1393333200 3.000000
1393336800 5.000000
1393340400 7.000000
1393344000 9.000000
1393347600 10.000000
1393351200 12.000000
1393354800 11.000000
1393358400 11.000000
1393362000 10.000000
1393365600 9.000000
1393369200 8.000000
1393372800 7.000000
1393376400 7.000000
1393380000 7.000000
1393383600 7.000000
1393387200 6.000000
1393390800 6.000000
1393394400 5.000000
1393398000 5.000000
1393401600 5.000000
1393405200 5.000000
1393408800 5.000000
1393412400 5.000000
1393416000 5.000000
1393419600 6.000000
1393423200 8.000000
1393426800 9.000000
1393430400 11.000000
1393434000 12.000000
1393437600 14.000000
1393441200 13.000000
1393444800 13.000000
1393448400 12.000000
1393452000 11.000000
1393455600 10.000000
1393459200 9.000000
1393462800 8.000000
1393466400 8.000000
