1394258400 19.000000
1394262000 17.000000
1394265600 14.000000
1394269200 12.000000
1394272800 11.000000
1394276400 11.000000
1394280000 10.000000
1394283600 13.000000
1394287200 15.000000
1394290800 18.000000
1394294400 21.000000
1394298000 24.000000
1394301600 27.000000
1394305200 27.000000
1394308800 28.000000
1394312400 28.000000
1394316000 26.000000
1394319600 23.000000
1394323200 21.000000
1394326800 19.000000
1394330400 16.000000
1394334000 14.000000
1394337600 15.000000
1394341200 15.000000
1394344800 16.000000
1394348400 16.000000
1394352000 16.000000
1394355600 16.000000
1394359200 17.000000
1394362800 18.000000
1394366400 19.000000
1394370000 22.000000
1394373600 25.000000
1394377200 28.000000
1394380800 32.000000
1394384400 37.000000
1394388000 41.000000
1394391600 42.000000
1394395200 42.000000
1394398800 43.000000
1394402400 42.000000
1394406000 42.000000
1394409600 41.000000
1394413200 40.000000
1394416800 38.000000
1394420400 37.000000
1394424000 35.000000
1394427600 34.000000
1394431200 32.000000
1394434800 33.000000
1394438400 33.000000
1394442000 34.000000
1394445600 33.000000
1394449200 31.000000
1394452800 30.000000
1394456400 34.000000
1394460000 39.000000
1394463600 43.000000
1394467200 40.000000
1394470800 37.000000
1394474400 34.000000
1394478000 39.000000
1394481600 43.000000
1394485200 48.000000
1394488800 46.000000
1394492400 43.000000
1394496000 41.000000
1394499600 40.000000
1394503200 40.000000
1394506800 39.000000
1394510400 38.000000
1394514000 37.000000
1394517600 36.000000
1394521200 33.000000
1394524800 31.000000
1394528400 28.000000
1394532000 29.000000
1394535600 29.000000
1394539200 30.000000
1394542800 32.000000
1394546400 35.000000
1394550000 37.000000
1394553600 37.000000
1394557200 36.000000
1394560800 36.000000
1394564400 37.000000
1394568000 38.000000
1394571600 39.000000
1394575200 37.000000
1394578800 36.000000
1394582400 34.000000
1394586000 35.000000
1394589600 36.000000
1394593200 37.000000
1394596800 32.000000
1394600400 26.000000
1394604000 21.000000
1394607600 23.000000
1394611200 25.000000
1394614800 27.000000
1394618400 25.000000
1394622000 23.000000
1394625600 21.000000
1394629200 22.000000
1394632800 22.000000
1394636400 23.000000
1394640000 25.000000
1394643600 26.000000
1394647200 28.000000
1394650800 29.000000
1394654400 29.000000
1394658000 30.000000
1394661600 29.000000
1394665200 29.000000
1394668800 28.000000
1394672400 26.000000
1394676000 23.000000
1394679600 21.000000
1394683200 20.000000
1394686800 20.000000
1394690400 19.000000
1394694000 19.000000
1394697600 19.000000
1394701200 19.000000
1394704800 19.000000
1394708400 18.000000
1394712000 18.000000
1394715600 20.000000
1394719200 23.000000
1394722800 25.000000
1394726400 29.000000
1394730000 33.000000
1394733600 37.000000
1394737200 38.000000
1394740800 40.000000
1394744400 41.000000
1394748000 39.000000
1394751600 38.000000
1394755200 36.000000
1394758800 36.000000
1394762400 36.000000
1394766000 36.000000
1394769600 35.000000
1394773200 35.000000
1394776800 34.000000
1394780400 34.000000
1394784000 34.000000
1394787600 34.000000
1394791200 33.000000
1394794800 33.000000
1394798400 32.000000
1394802000 33.000000
1394805600 33.000000
1394809200 34.000000
1394812800 37.000000
1394816400 40.000000
1394820000 43.000000
1394823600 42.000000
1394827200 42.000000
1394830800 41.000000
1394834400 40.000000
1394838000 40.000000
1394841600 39.000000
1394845200 38.000000
1394848800 38.000000
1394852400 37.000000
1394856000 37.000000
1394859600 36.000000
1394863200 36.000000
1394866800 34.000000
1394870400 32.000000
1394874000 30.000000
1394877600 29.000000
1394881200 29.000000
1394884800 28.000000
1394888400 29.000000
1394892000 29.000000
1394895600 30.000000
1394899200 35.000000
1394902800 41.000000
1394906400 46.000000
1394910000 45.000000
1394913600 44.000000
1394917200 43.000000
1394920800 43.000000
1394924400 43.000000
1394928000 43.000000
1394931600 44.000000
1394935200 44.000000
1394938800 45.000000
1394942400 45.000000
1394946000 45.000000
1394949600 45.000000
1394953200 39.000000
1394956800 33.000000
1394960400 27.000000
1394964000 26.000000
1394967600 24.000000
1394971200 23.000000
1394974800 25.000000
1394978400 26.000000
1394982000 28.000000
1394985600 31.000000
1394989200 33.000000
1394992800 36.000000
1394996400 37.000000
1395000000 38.000000
1395003600 39.000000
1395007200 38.000000
1395010800 38.000000
1395014400 37.000000
1395018000 36.000000
1395021600 35.000000
1395025200 34.000000
1395028800 33.000000
1395032400 31.000000
1395036000 30.000000
1395039600 28.000000
1395043200 25.000000
1395046800 23.000000
1395050400 22.000000
1395054000 20.000000
1395057600 19.000000
1395061200 22.000000
1395064800 24.000000
1395068400 27.000000
1395072000 29.000000
1395075600 32.000000
1395079200 34.000000
1395082800 35.000000
1395086400 35.000000
1395090000 36.000000
1395093600 36.000000
1395097200 36.000000
1395100800 36.000000
1395104400 35.000000
1395108000 33.000000
1395111600 32.000000
1395115200 30.000000
1395118800 27.000000
