1394517600 39.000000
1394521200 38.000000
1394524800 38.000000
1394528400 37.000000
1394532000 36.000000
1394535600 35.000000
1394539200 34.000000
1394542800 34.000000
1394546400 34.000000
1394550000 34.000000
1394553600 36.000000
1394557200 37.000000
1394560800 39.000000
1394564400 39.000000
1394568000 39.000000
1394571600 39.000000
1394575200 37.000000
1394578800 34.000000
1394582400 32.000000
1394586000 31.000000
1394589600 29.000000
1394593200 28.000000
1394596800 27.000000
1394600400 26.000000
1394604000 25.000000
1394607600 24.000000
1394611200 22.000000
1394614800 21.000000
1394618400 20.000000
1394622000 19.000000
1394625600 18.000000
1394629200 18.000000
1394632800 19.000000
1394636400 19.000000
1394640000 22.000000
1394643600 24.000000
1394647200 27.000000
1394650800 29.000000
1394654400 30.000000
1394658000 32.000000
1394661600 31.000000
1394665200 29.000000
1394668800 28.000000
1394672400 25.000000
1394676000 22.000000
1394679600 19.000000
1394683200 19.000000
1394686800 18.000000
1394690400 18.000000
1394694000 18.000000
1394697600 19.000000
1394701200 19.000000
1394704800 20.000000
1394708400 20.000000
1394712000 21.000000
1394715600 25.000000
1394719200 28.000000
1394722800 32.000000
1394726400 34.000000
1394730000 35.000000
1394733600 37.000000
1394737200 39.000000
1394740800 41.000000
1394744400 43.000000
1394748000 42.000000
1394751600 42.000000
1394755200 41.000000
1394758800 42.000000
1394762400 42.000000
1394766000 43.000000
1394769600 42.000000
1394773200 42.000000
1394776800 41.000000
1394780400 38.000000
1394784000 35.000000
1394787600 32.000000
1394791200 33.000000
1394794800 35.000000
1394798400 36.000000
1394802000 36.000000
1394805600 37.000000
1394809200 37.000000
1394812800 38.000000
1394816400 40.000000
1394820000 41.000000
1394823600 42.000000
1394827200 44.000000
1394830800 45.000000
1394834400 42.000000
1394838000 40.000000
1394841600 37.000000
1394845200 38.000000
1394848800 38.000000
1394852400 39.000000
1394856000 35.000000
1394859600 31.000000
1394863200 27.000000
1394866800 26.000000
1394870400 24.000000
1394874000 23.000000
1394877600 25.000000
1394881200 26.000000
1394884800 28.000000
1394888400 26.000000
1394892000 25.000000
1394895600 23.000000
1394899200 26.000000
1394902800 29.000000
1394906400 32.000000
1394910000 32.000000
1394913600 32.000000
1394917200 32.000000
1394920800 32.000000
1394924400 32.000000
1394928000 32.000000
1394931600 31.000000
1394935200 31.000000
1394938800 30.000000
1394942400 31.000000
1394946000 33.000000
1394949600 34.000000
1394953200 30.000000
1394956800 27.000000
1394960400 23.000000
1394964000 22.000000
1394967600 20.000000
1394971200 19.000000
1394974800 20.000000
1394978400 22.000000
1394982000 23.000000
1394985600 24.000000
1394989200 24.000000
1394992800 25.000000
1394996400 29.000000
1395000000 32.000000
1395003600 36.000000
1395007200 34.000000
1395010800 32.000000
1395014400 30.000000
1395018000 28.000000
1395021600 27.000000
1395025200 25.000000
1395028800 24.000000
1395032400 24.000000
1395036000 23.000000
1395039600 19.000000
1395043200 16.000000
1395046800 12.000000
1395050400 13.000000
1395054000 15.000000
1395057600 16.000000
1395061200 18.000000
1395064800 21.000000
1395068400 23.000000
1395072000 23.000000
1395075600 23.000000
1395079200 23.000000
1395082800 27.000000
1395086400 30.000000
1395090000 34.000000
1395093600 33.000000
1395097200 33.000000
1395100800 32.000000
1395104400 30.000000
1395108000 29.000000
1395111600 27.000000
1395115200 26.000000
1395118800 26.000000
1395122400 25.000000
1395126000 27.000000
1395129600 30.000000
1395133200 32.000000
1395136800 29.000000
1395140400 26.000000
1395144000 23.000000
1395147600 23.000000
1395151200 23.000000
1395154800 23.000000
1395158400 29.000000
1395162000 35.000000
1395165600 41.000000
1395169200 42.000000
1395172800 42.000000
1395176400 43.000000
1395180000 41.000000
1395183600 39.000000
1395187200 37.000000
1395190800 37.000000
1395194400 36.000000
1395198000 36.000000
1395201600 35.000000
1395205200 35.000000
1395208800 34.000000
1395212400 29.000000
1395216000 24.000000
1395219600 19.000000
1395223200 18.000000
1395226800 17.000000
1395230400 16.000000
1395234000 18.000000
1395237600 21.000000
1395241200 23.000000
1395244800 30.000000
1395248400 38.000000
1395252000 45.000000
1395255600 45.000000
1395259200 46.000000
1395262800 46.000000
1395266400 46.000000
1395270000 45.000000
1395273600 45.000000
1395277200 43.000000
1395280800 41.000000
1395284400 39.000000
1395288000 35.000000
1395291600 32.000000
1395295200 28.000000
1395298800 25.000000
1395302400 21.000000
1395306000 18.000000
1395309600 17.000000
1395313200 17.000000
1395316800 16.000000
1395320400 18.000000
1395324000 21.000000
1395327600 23.000000
1395331200 25.000000
1395334800 28.000000
1395338400 30.000000
1395342000 32.000000
1395345600 34.000000
1395349200 36.000000
1395352800 36.000000
1395356400 36.000000
1395360000 36.000000
1395363600 34.000000
1395367200 32.000000
1395370800 30.000000
1395374400 27.000000
1395378000 24.000000
