1388818800 32.000000
1388822400 27.000000
1388826000 23.000000
1388829600 22.000000
1388833200 20.000000
1388836800 19.000000
1388840400 16.000000
1388844000 12.000000
1388847600 9.000000
1388851200 11.000000
1388854800 12.000000
1388858400 14.000000
1388862000 11.000000
1388865600 8.000000
1388869200 5.000000
1388872800 4.000000
1388876400 2.000000
1388880000 1.000000
1388883600 0.000000
1388887200 -1.000000
1388890800 -3.000000
1388894400 -2.000000
1388898000 -2.000000
1388901600 -1.000000
1388905200 -5.000000
1388908800 -8.000000
1388912400 -12.000000
1388916000 -11.000000
1388919600 -9.000000
1388923200 -8.000000
1388926800 -9.000000
1388930400 -9.000000
1388934000 -10.000000
1388937600 -9.000000
1388941200 -9.000000
1388944800 -8.000000
1388948400 -8.000000
1388952000 -7.000000
1388955600 -7.000000
1388959200 -7.000000
1388962800 -8.000000
1388966400 -8.000000
1388970000 -10.000000
1388973600 -12.000000
1388977200 -14.000000
1388980800 -13.000000
1388984400 -11.000000
1388988000 -10.000000
1388991600 -15.000000
1388995200 -20.000000
1388998800 -25.000000
1389002400 -21.000000
1389006000 -18.000000
1389009600 -14.000000
1389013200 -14.000000
1389016800 -14.000000
1389020400 -14.000000
1389024000 -13.000000
1389027600 -11.000000
1389031200 -10.000000
1389034800 -11.000000
1389038400 -13.000000
1389042000 -14.000000
1389045600 -12.000000
1389049200 -10.000000
1389052800 -8.000000
1389056400 -11.000000
1389060000 -13.000000
1389063600 -16.000000
1389067200 -13.000000
1389070800 -10.000000
1389074400 -7.000000
1389078000 -10.000000
1389081600 -14.000000
1389085200 -17.000000
1389088800 -15.000000
1389092400 -12.000000
1389096000 -10.000000
1389099600 -10.000000
1389103200 -10.000000
1389106800 -10.000000
1389110400 -10.000000
1389114000 -10.000000
1389117600 -10.000000
1389121200 -7.000000
1389124800 -4.000000
1389128400 -1.000000
1389132000 -1.000000
1389135600 -1.000000
1389139200 -1.000000
1389142800 0.000000
1389146400 1.000000
1389150000 3.000000
1389153600 2.000000
1389157200 2.000000
1389160800 1.000000
1389164400 -3.000000
1389168000 -7.000000
1389171600 -12.000000
1389175200 -10.000000
1389178800 -7.000000
1389182400 -5.000000
1389186000 -3.000000
1389189600 -1.000000
1389193200 0.000000
1389196800 2.000000
1389200400 5.000000
1389204000 7.000000
1389207600 7.000000
1389211200 7.000000
1389214800 7.000000
1389218400 7.000000
1389222000 7.000000
1389225600 7.000000
1389229200 8.000000
1389232800 9.000000
1389236400 10.000000
1389240000 10.000000
1389243600 9.000000
1389247200 9.000000
1389250800 4.000000
1389254400 0.000000
1389258000 -5.000000
1389261600 -1.000000
1389265200 3.000000
1389268800 7.000000
1389272400 9.000000
1389276000 10.000000
1389279600 12.000000
1389283200 13.000000
1389286800 15.000000
1389290400 16.000000
1389294000 17.000000
1389297600 17.000000
1389301200 18.000000
1389304800 17.000000
1389308400 17.000000
1389312000 16.000000
1389315600 15.000000
1389319200 15.000000
1389322800 14.000000
1389326400 13.000000
1389330000 13.000000
1389333600 12.000000
1389337200 10.000000
1389340800 9.000000
1389344400 7.000000
1389348000 8.000000
1389351600 9.000000
1389355200 10.000000
1389358800 14.000000
1389362400 17.000000
1389366000 21.000000
1389369600 22.000000
1389373200 24.000000
1389376800 25.000000
1389380400 27.000000
1389384000 30.000000
1389387600 32.000000
1389391200 33.000000
1389394800 33.000000
1389398400 34.000000
1389402000 32.000000
1389405600 30.000000
1389409200 28.000000
1389412800 27.000000
1389416400 26.000000
1389420000 25.000000
1389423600 22.000000
1389427200 19.000000
1389430800 16.000000
1389434400 18.000000
1389438000 19.000000
1389441600 21.000000
1389445200 22.000000
1389448800 22.000000
1389452400 23.000000
1389456000 22.000000
1389459600 20.000000
1389463200 19.000000
1389466800 19.000000
1389470400 19.000000
1389474000 19.000000
1389477600 19.000000
1389481200 18.000000
1389484800 18.000000
1389488400 18.000000
1389492000 18.000000
1389495600 18.000000
1389499200 20.000000
1389502800 21.000000
1389506400 23.000000
1389510000 22.000000
1389513600 20.000000
1389517200 19.000000
1389520800 19.000000
1389524400 19.000000
1389528000 19.000000
1389531600 20.000000
1389535200 22.000000
1389538800 23.000000
1389542400 24.000000
1389546000 26.000000
1389549600 27.000000
1389553200 26.000000
1389556800 26.000000
1389560400 25.000000
1389564000 25.000000
1389567600 25.000000
1389571200 25.000000
1389574800 25.000000
1389578400 25.000000
1389582000 25.000000
1389585600 25.000000
1389589200 25.000000
1389592800 25.000000
1389596400 24.000000
1389600000 24.000000
1389603600 23.000000
1389607200 22.000000
1389610800 22.000000
1389614400 21.000000
1389618000 21.000000
1389621600 21.000000
1389625200 21.000000
1389628800 22.000000
1389632400 22.000000
1389636000 23.000000
1389639600 22.000000
1389643200 20.000000
1389646800 19.000000
1389650400 19.000000
1389654000 18.000000
1389657600 18.000000
1389661200 17.000000
1389664800 17.000000
1389668400 16.000000
1389672000 15.000000
1389675600 15.000000
1389679200 14.000000
