1394647200 25.000000
1394650800 24.000000
1394654400 22.000000
1394658000 21.000000
1394661600 21.000000
1394665200 21.000000
1394668800 21.000000
1394672400 20.000000
1394676000 19.000000
1394679600 18.000000
1394683200 18.000000
1394686800 18.000000
1394690400 18.000000
1394694000 20.000000
1394697600 23.000000
1394701200 25.000000
1394704800 23.000000
1394708400 21.000000
1394712000 19.000000
1394715600 22.000000
1394719200 25.000000
1394722800 28.000000
1394726400 32.000000
1394730000 37.000000
1394733600 41.000000
1394737200 42.000000
1394740800 42.000000
1394744400 43.000000
1394748000 42.000000
1394751600 42.000000
1394755200 41.000000
1394758800 40.000000
1394762400 40.000000
1394766000 39.000000
1394769600 39.000000
1394773200 39.000000
1394776800 39.000000
1394780400 37.000000
1394784000 36.000000
1394787600 34.000000
1394791200 35.000000
1394794800 35.000000
1394798400 36.000000
1394802000 37.000000
1394805600 38.000000
1394809200 39.000000
1394812800 40.000000
1394816400 40.000000
1394820000 41.000000
1394823600 42.000000
1394827200 44.000000
1394830800 45.000000
1394834400 42.000000
1394838000 40.000000
1394841600 37.000000
1394845200 35.000000
1394848800 34.000000
1394852400 32.000000
1394856000 31.000000
1394859600 29.000000
1394863200 28.000000
1394866800 26.000000
1394870400 23.000000
1394874000 21.000000
1394877600 20.000000
1394881200 20.000000
1394884800 19.000000
1394888400 20.000000
1394892000 20.000000
1394895600 21.000000
1394899200 23.000000
1394902800 26.000000
1394906400 28.000000
1394910000 29.000000
1394913600 29.000000
1394917200 30.000000
1394920800 29.000000
1394924400 28.000000
1394928000 27.000000
1394931600 24.000000
1394935200 22.000000
1394938800 19.000000
1394942400 19.000000
1394946000 19.000000
1394949600 19.000000
1394953200 19.000000
1394956800 19.000000
1394960400 19.000000
1394964000 17.000000
1394967600 14.000000
1394971200 12.000000
1394974800 14.000000
1394978400 16.000000
1394982000 18.000000
1394985600 20.000000
1394989200 23.000000
1394992800 25.000000
1394996400 26.000000
1395000000 27.000000
1395003600 28.000000
1395007200 27.000000
1395010800 26.000000
1395014400 25.000000
1395018000 25.000000
1395021600 25.000000
1395025200 25.000000
1395028800 22.000000
1395032400 19.000000
1395036000 16.000000
1395039600 17.000000
1395043200 18.000000
1395046800 19.000000
1395050400 22.000000
1395054000 24.000000
1395057600 27.000000
1395061200 27.000000
1395064800 28.000000
1395068400 28.000000
1395072000 31.000000
1395075600 33.000000
1395079200 36.000000
1395082800 36.000000
1395086400 37.000000
1395090000 37.000000
1395093600 36.000000
1395097200 35.000000
1395100800 34.000000
1395104400 36.000000
1395108000 37.000000
1395111600 39.000000
1395115200 38.000000
1395118800 38.000000
1395122400 37.000000
1395126000 35.000000
1395129600 34.000000
1395133200 32.000000
1395136800 30.000000
1395140400 29.000000
1395144000 27.000000
1395147600 29.000000
1395151200 32.000000
1395154800 34.000000
1395158400 32.000000
1395162000 30.000000
1395165600 28.000000
1395169200 34.000000
1395172800 40.000000
1395176400 46.000000
1395180000 43.000000
1395183600 40.000000
1395187200 37.000000
1395190800 37.000000
1395194400 37.000000
1395198000 37.000000
1395201600 32.000000
1395205200 28.000000
1395208800 23.000000
1395212400 25.000000
1395216000 26.000000
1395219600 28.000000
1395223200 25.000000
1395226800 22.000000
1395230400 19.000000
1395234000 23.000000
1395237600 26.000000
1395241200 30.000000
1395244800 34.000000
1395248400 39.000000
1395252000 43.000000
1395255600 43.000000
1395259200 43.000000
1395262800 43.000000
1395266400 41.000000
1395270000 39.000000
1395273600 37.000000
1395277200 37.000000
1395280800 37.000000
1395284400 37.000000
1395288000 36.000000
1395291600 35.000000
1395295200 34.000000
1395298800 29.000000
1395302400 24.000000
1395306000 19.000000
1395309600 19.000000
1395313200 19.000000
1395316800 19.000000
1395320400 21.000000
1395324000 23.000000
1395327600 25.000000
1395331200 33.000000
1395334800 42.000000
1395338400 50.000000
1395342000 51.000000
1395345600 51.000000
1395349200 52.000000
1395352800 48.000000
1395356400 43.000000
1395360000 39.000000
1395363600 37.000000
1395367200 36.000000
1395370800 34.000000
1395374400 33.000000
1395378000 33.000000
1395381600 32.000000
1395385200 28.000000
1395388800 25.000000
1395392400 21.000000
1395396000 20.000000
1395399600 20.000000
1395403200 19.000000
1395406800 21.000000
1395410400 23.000000
1395414000 25.000000
1395417600 27.000000
1395421200 30.000000
1395424800 32.000000
1395428400 35.000000
1395432000 38.000000
1395435600 41.000000
1395439200 40.000000
1395442800 38.000000
1395446400 37.000000
1395450000 34.000000
1395453600 31.000000
1395457200 28.000000
1395460800 27.000000
1395464400 26.000000
1395468000 25.000000
1395471600 24.000000
1395475200 24.000000
1395478800 23.000000
1395482400 22.000000
1395486000 22.000000
1395489600 21.000000
1395493200 23.000000
1395496800 25.000000
1395500400 27.000000
1395504000 28.000000
1395507600 29.000000
