1391626800 4.000000
1391630400 6.000000
1391634000 7.000000
1391637600 6.000000
1391641200 4.000000
1391644800 3.000000
1391648400 2.000000
1391652000 2.000000
1391655600 1.000000
1391659200 -1.000000
1391662800 -4.000000
1391666400 -7.000000
1391670000 -7.000000
1391673600 -8.000000
1391677200 -8.000000
1391680800 -9.000000
1391684400 -9.000000
1391688000 -10.000000
1391691600 -8.000000
1391695200 -7.000000
1391698800 -5.000000
1391702400 -4.000000
1391706000 -2.000000
1391709600 -1.000000
1391713200 0.000000
1391716800 3.000000
1391720400 5.000000
1391724000 4.000000
1391727600 2.000000
1391731200 1.000000
1391734800 0.000000
1391738400 0.000000
1391742000 -1.000000
1391745600 -2.000000
1391749200 -2.000000
1391752800 -3.000000
1391756400 -2.000000
1391760000 0.000000
1391763600 0.000000
1391767200 -1.000000
1391770800 -3.000000
1391774400 -5.000000
1391778000 -3.000000
1391781600 0.000000
1391785200 1.000000
1391788800 4.000000
1391792400 6.000000
1391796000 9.000000
1391799600 11.000000
1391803200 12.000000
1391806800 14.000000
1391810400 12.000000
1391814000 11.000000
1391817600 9.000000
1391821200 8.000000
1391824800 8.000000
1391828400 7.000000
1391832000 5.000000
1391835600 3.000000
1391839200 1.000000
1391842800 1.000000
1391846400 1.000000
1391850000 1.000000
1391853600 1.000000
1391857200 1.000000
1391860800 1.000000
1391864400 4.000000
1391868000 6.000000
1391871600 9.000000
1391875200 11.000000
1391878800 12.000000
1391882400 14.000000
1391886000 17.000000
1391889600 20.000000
1391893200 23.000000
1391896800 19.000000
1391900400 16.000000
1391904000 12.000000
1391907600 10.000000
1391911200 9.000000
1391914800 7.000000
1391918400 6.000000
1391922000 4.000000
1391925600 3.000000
1391929200 1.000000
1391932800 -1.000000
1391936400 -3.000000
1391940000 0.000000
1391943600 2.000000
1391947200 5.000000
1391950800 3.000000
1391954400 0.000000
1391958000 -1.000000
1391961600 0.000000
1391965200 1.000000
1391968800 3.000000
1391972400 4.000000
1391976000 4.000000
1391979600 5.000000
1391983200 3.000000
1391986800 0.000000
1391990400 -1.000000
1391994000 -2.000000
1391997600 -4.000000
1392001200 -5.000000
1392004800 -5.000000
1392008400 -5.000000
1392012000 -5.000000
1392015600 -6.000000
1392019200 -6.000000
1392022800 -7.000000
1392026400 -7.000000
1392030000 -7.000000
1392033600 -7.000000
1392037200 -8.000000
1392040800 -9.000000
1392044400 -10.000000
1392048000 -5.000000
1392051600 -1.000000
1392055200 3.000000
1392058800 5.000000
1392062400 7.000000
1392066000 9.000000
1392069600 9.000000
1392073200 10.000000
1392076800 10.000000
1392080400 6.000000
1392084000 2.000000
1392087600 -1.000000
1392091200 0.000000
1392094800 1.000000
1392098400 3.000000
1392102000 0.000000
1392105600 -2.000000
1392109200 -5.000000
1392112800 -3.000000
1392116400 -1.000000
1392120000 0.000000
1392123600 0.000000
1392127200 0.000000
1392130800 -1.000000
1392134400 2.000000
1392138000 6.000000
1392141600 10.000000
1392145200 10.000000
1392148800 9.000000
1392152400 9.000000
1392156000 8.000000
1392159600 6.000000
1392163200 5.000000
1392166800 3.000000
1392170400 2.000000
1392174000 0.000000
1392177600 3.000000
1392181200 7.000000
1392184800 10.000000
1392188400 8.000000
1392192000 5.000000
1392195600 3.000000
1392199200 4.000000
1392202800 4.000000
1392206400 5.000000
1392210000 6.000000
1392213600 6.000000
1392217200 7.000000
1392220800 9.000000
1392224400 10.000000
1392228000 12.000000
1392231600 13.000000
1392235200 15.000000
1392238800 16.000000
1392242400 15.000000
1392246000 13.000000
1392249600 12.000000
1392253200 12.000000
1392256800 12.000000
1392260400 12.000000
1392264000 12.000000
1392267600 12.000000
1392271200 12.000000
1392274800 12.000000
1392278400 12.000000
1392282000 12.000000
1392285600 11.000000
1392289200 11.000000
1392292800 10.000000
1392296400 10.000000
1392300000 9.000000
1392303600 9.000000
1392307200 12.000000
1392310800 16.000000
1392314400 19.000000
1392318000 18.000000
1392321600 17.000000
1392325200 16.000000
1392328800 15.000000
1392332400 13.000000
1392336000 12.000000
1392339600 11.000000
1392343200 11.000000
1392346800 10.000000
1392350400 10.000000
1392354000 9.000000
1392357600 9.000000
1392361200 8.000000
1392364800 8.000000
1392368400 7.000000
1392372000 6.000000
1392375600 6.000000
1392379200 5.000000
1392382800 6.000000
1392386400 6.000000
1392390000 7.000000
1392393600 8.000000
1392397200 8.000000
1392400800 9.000000
1392404400 8.000000
1392408000 8.000000
1392411600 7.000000
1392415200 6.000000
1392418800 6.000000
1392422400 5.000000
1392426000 4.000000
1392429600 4.000000
1392433200 3.000000
1392436800 2.000000
1392440400 2.000000
1392444000 1.000000
1392447600 1.000000
1392451200 1.000000
1392454800 1.000000
1392458400 1.000000
1392462000 0.000000
1392465600 0.000000
1392469200 2.000000
1392472800 3.000000
1392476400 5.000000
1392480000 6.000000
1392483600 8.000000
1392487200 9.000000
