1390276800 -1.000000
1390280400 -4.000000
1390284000 -7.000000
1390287600 -8.000000
1390291200 -9.000000
1390294800 -10.000000
1390298400 -7.000000
1390302000 -4.000000
1390305600 -1.000000
1390309200 -3.000000
1390312800 -5.000000
1390316400 -7.000000
1390320000 -6.000000
1390323600 -4.000000
1390327200 -3.000000
1390330800 -1.000000
1390334400 0.000000
1390338000 1.000000
1390341600 1.000000
1390345200 0.000000
1390348800 0.000000
1390352400 0.000000
1390356000 1.000000
1390359600 1.000000
1390363200 1.000000
1390366800 1.000000
1390370400 1.000000
1390374000 1.000000
1390377600 1.000000
1390381200 1.000000
1390384800 3.000000
1390388400 5.000000
1390392000 7.000000
1390395600 5.000000
1390399200 3.000000
1390402800 1.000000
1390406400 1.000000
1390410000 1.000000
1390413600 1.000000
1390417200 2.000000
1390420800 2.000000
1390424400 3.000000
1390428000 2.000000
1390431600 2.000000
1390435200 1.000000
1390438800 0.000000
1390442400 0.000000
1390446000 -1.000000
1390449600 -2.000000
1390453200 -2.000000
1390456800 -3.000000
1390460400 -4.000000
1390464000 -6.000000
1390467600 -7.000000
1390471200 -7.000000
1390474800 -8.000000
1390478400 -8.000000
1390482000 -9.000000
1390485600 -9.000000
1390489200 -10.000000
1390492800 -6.000000
1390496400 -3.000000
1390500000 0.000000
1390503600 0.000000
1390507200 -2.000000
1390510800 -3.000000
1390514400 -5.000000
1390518000 -6.000000
1390521600 -8.000000
1390525200 -5.000000
1390528800 -2.000000
1390532400 0.000000
1390536000 0.000000
1390539600 -2.000000
1390543200 -3.000000
1390546800 -3.000000
1390550400 -3.000000
1390554000 -3.000000
1390557600 1.000000
1390561200 7.000000
1390564800 12.000000
1390568400 13.000000
1390572000 13.000000
1390575600 14.000000
1390579200 16.000000
1390582800 19.000000
1390586400 21.000000
1390590000 23.000000
1390593600 25.000000
1390597200 27.000000
1390600800 26.000000
1390604400 26.000000
1390608000 25.000000
1390611600 26.000000
1390615200 26.000000
1390618800 27.000000
1390622400 27.000000
1390626000 27.000000
1390629600 27.000000
1390633200 27.000000
1390636800 27.000000
1390640400 27.000000
1390644000 25.000000
1390647600 23.000000
1390651200 21.000000
1390654800 19.000000
1390658400 18.000000
1390662000 16.000000
1390665600 17.000000
1390669200 18.000000
1390672800 19.000000
1390676400 18.000000
1390680000 17.000000
1390683600 16.000000
1390687200 15.000000
1390690800 13.000000
1390694400 12.000000
1390698000 11.000000
1390701600 10.000000
1390705200 9.000000
1390708800 8.000000
1390712400 6.000000
1390716000 5.000000
1390719600 1.000000
1390723200 -3.000000
1390726800 -7.000000
1390730400 -7.000000
1390734000 -8.000000
1390737600 -8.000000
1390741200 -8.000000
1390744800 -7.000000
1390748400 -7.000000
1390752000 -4.000000
1390755600 -2.000000
1390759200 0.000000
1390762800 0.000000
1390766400 1.000000
1390770000 1.000000
1390773600 2.000000
1390777200 2.000000
1390780800 3.000000
1390784400 5.000000
1390788000 7.000000
1390791600 9.000000
1390795200 6.000000
1390798800 4.000000
1390802400 1.000000
1390806000 -1.000000
1390809600 -4.000000
1390813200 -7.000000
1390816800 -5.000000
1390820400 -3.000000
1390824000 -1.000000
1390827600 0.000000
1390831200 0.000000
1390834800 0.000000
1390838400 0.000000
1390842000 1.000000
1390845600 1.000000
1390849200 2.000000
1390852800 4.000000
1390856400 5.000000
1390860000 0.000000
1390863600 -3.000000
1390867200 -8.000000
1390870800 -5.000000
1390874400 -2.000000
1390878000 0.000000
1390881600 0.000000
1390885200 0.000000
1390888800 -1.000000
1390892400 0.000000
1390896000 0.000000
1390899600 0.000000
1390903200 0.000000
1390906800 -2.000000
1390910400 -3.000000
1390914000 -2.000000
1390917600 0.000000
1390921200 0.000000
1390924800 0.000000
1390928400 0.000000
1390932000 -1.000000
1390935600 -2.000000
1390939200 -2.000000
1390942800 -3.000000
1390946400 -4.000000
1390950000 -4.000000
1390953600 -5.000000
1390957200 -7.000000
1390960800 -8.000000
1390964400 -10.000000
1390968000 -10.000000
1390971600 -10.000000
1390975200 -10.000000
1390978800 -7.000000
1390982400 -4.000000
1390986000 -1.000000
1390989600 -1.000000
1390993200 -1.000000
1390996800 -1.000000
1391000400 0.000000
1391004000 1.000000
1391007600 3.000000
1391011200 0.000000
1391014800 -2.000000
1391018400 -5.000000
1391022000 -3.000000
1391025600 -1.000000
1391029200 0.000000
1391032800 2.000000
1391036400 5.000000
1391040000 7.000000
1391043600 7.000000
1391047200 7.000000
1391050800 7.000000
1391054400 8.000000
1391058000 9.000000
1391061600 10.000000
1391065200 10.000000
1391068800 9.000000
1391072400 9.000000
1391076000 9.000000
1391079600 9.000000
1391083200 9.000000
1391086800 10.000000
1391090400 11.000000
1391094000 12.000000
1391097600 13.000000
1391101200 13.000000
1391104800 14.000000
1391108400 14.000000
1391112000 14.000000
1391115600 14.000000
1391119200 13.000000
1391122800 13.000000
1391126400 12.000000
1391130000 11.000000
1391133600 11.000000
1391137200 10.000000
