1394820000 39.000000
1394823600 40.000000
1394827200 40.000000
1394830800 41.000000
1394834400 39.000000
1394838000 38.000000
1394841600 36.000000
1394845200 34.000000
1394848800 32.000000
1394852400 30.000000
1394856000 28.000000
1394859600 27.000000
1394863200 25.000000
1394866800 21.000000
1394870400 18.000000
1394874000 14.000000
1394877600 16.000000
1394881200 17.000000
1394884800 19.000000
1394888400 20.000000
1394892000 20.000000
1394895600 21.000000
1394899200 24.000000
1394902800 27.000000
1394906400 30.000000
1394910000 31.000000
1394913600 31.000000
1394917200 32.000000
1394920800 30.000000
1394924400 27.000000
1394928000 25.000000
1394931600 23.000000
1394935200 20.000000
1394938800 18.000000
1394942400 18.000000
1394946000 18.000000
1394949600 18.000000
1394953200 15.000000
1394956800 13.000000
1394960400 10.000000
1394964000 11.000000
1394967600 11.000000
1394971200 12.000000
1394974800 12.000000
1394978400 12.000000
1394982000 12.000000
1394985600 15.000000
1394989200 18.000000
1394992800 21.000000
1394996400 22.000000
1395000000 24.000000
1395003600 25.000000
1395007200 25.000000
1395010800 25.000000
1395014400 25.000000
1395018000 23.000000
1395021600 21.000000
1395025200 19.000000
1395028800 19.000000
1395032400 18.000000
1395036000 18.000000
1395039600 20.000000
1395043200 21.000000
1395046800 23.000000
1395050400 22.000000
1395054000 22.000000
1395057600 21.000000
1395061200 22.000000
1395064800 22.000000
1395068400 23.000000
1395072000 25.000000
1395075600 28.000000
1395079200 30.000000
1395082800 31.000000
1395086400 31.000000
1395090000 32.000000
1395093600 33.000000
1395097200 33.000000
1395100800 34.000000
1395104400 33.000000
1395108000 31.000000
1395111600 30.000000
1395115200 29.000000
1395118800 29.000000
1395122400 28.000000
1395126000 29.000000
1395129600 29.000000
1395133200 30.000000
1395136800 28.000000
1395140400 27.000000
1395144000 25.000000
1395147600 24.000000
1395151200 24.000000
1395154800 23.000000
1395158400 24.000000
1395162000 24.000000
1395165600 25.000000
1395169200 30.000000
1395172800 34.000000
1395176400 39.000000
1395180000 37.000000
1395183600 34.000000
1395187200 32.000000
1395190800 33.000000
1395194400 33.000000
1395198000 34.000000
1395201600 31.000000
1395205200 28.000000
1395208800 25.000000
1395212400 26.000000
1395216000 27.000000
1395219600 28.000000
1395223200 26.000000
1395226800 23.000000
1395230400 21.000000
1395234000 22.000000
1395237600 22.000000
1395241200 23.000000
1395244800 27.000000
1395248400 30.000000
1395252000 34.000000
1395255600 36.000000
1395259200 37.000000
1395262800 39.000000
1395266400 38.000000
1395270000 37.000000
1395273600 36.000000
1395277200 35.000000
1395280800 35.000000
1395284400 34.000000
1395288000 33.000000
1395291600 31.000000
1395295200 30.000000
1395298800 28.000000
1395302400 25.000000
1395306000 23.000000
1395309600 20.000000
1395313200 17.000000
1395316800 14.000000
1395320400 18.000000
1395324000 21.000000
1395327600 25.000000
1395331200 27.000000
1395334800 30.000000
1395338400 32.000000
1395342000 36.000000
1395345600 41.000000
1395349200 45.000000
1395352800 41.000000
1395356400 38.000000
1395360000 34.000000
1395363600 36.000000
1395367200 37.000000
1395370800 39.000000
1395374400 31.000000
1395378000 24.000000
1395381600 16.000000
1395385200 18.000000
1395388800 21.000000
1395392400 23.000000
1395396000 19.000000
1395399600 16.000000
1395403200 12.000000
1395406800 17.000000
1395410400 22.000000
1395414000 27.000000
1395417600 35.000000
1395421200 42.000000
1395424800 50.000000
1395428400 51.000000
1395432000 51.000000
1395435600 52.000000
1395439200 51.000000
1395442800 51.000000
1395446400 50.000000
1395450000 49.000000
1395453600 47.000000
1395457200 46.000000
1395460800 46.000000
1395464400 46.000000
1395468000 46.000000
1395471600 46.000000
1395475200 46.000000
1395478800 46.000000
1395482400 41.000000
1395486000 35.000000
1395489600 30.000000
1395493200 31.000000
1395496800 33.000000
1395500400 34.000000
1395504000 39.000000
1395507600 43.000000
1395511200 48.000000
1395514800 49.000000
1395518400 49.000000
1395522000 50.000000
1395525600 49.000000
1395529200 47.000000
1395532800 46.000000
1395536400 45.000000
1395540000 44.000000
1395543600 43.000000
1395547200 42.000000
1395550800 40.000000
1395554400 39.000000
1395558000 35.000000
1395561600 31.000000
1395565200 27.000000
1395568800 26.000000
1395572400 26.000000
1395576000 25.000000
1395579600 26.000000
1395583200 26.000000
1395586800 27.000000
1395590400 28.000000
1395594000 29.000000
1395597600 30.000000
1395601200 34.000000
1395604800 37.000000
1395608400 41.000000
1395612000 40.000000
1395615600 38.000000
1395619200 37.000000
1395622800 36.000000
1395626400 35.000000
1395630000 34.000000
1395633600 30.000000
1395637200 25.000000
1395640800 21.000000
1395644400 20.000000
1395648000 20.000000
1395651600 19.000000
1395655200 19.000000
1395658800 18.000000
1395662400 18.000000
1395666000 20.000000
1395669600 21.000000
1395673200 23.000000
1395676800 25.000000
1395680400 26.000000
