1394128800 21.000000
1394132400 22.000000
1394136000 24.000000
1394139600 25.000000
1394143200 27.000000
1394146800 30.000000
1394150400 32.000000
1394154000 31.000000
1394157600 31.000000
1394161200 30.000000
1394164800 29.000000
1394168400 28.000000
1394172000 27.000000
1394175600 27.000000
1394179200 28.000000
1394182800 28.000000
1394186400 29.000000
1394190000 29.000000
1394193600 30.000000
1394197200 31.000000
1394200800 33.000000
1394204400 34.000000
1394208000 35.000000
1394211600 35.000000
1394215200 36.000000
1394218800 34.000000
1394222400 32.000000
1394226000 30.000000
1394229600 30.000000
1394233200 30.000000
1394236800 30.000000
1394240400 29.000000
1394244000 29.000000
1394247600 28.000000
1394251200 25.000000
1394254800 21.000000
1394258400 18.000000
1394262000 17.000000
1394265600 17.000000
1394269200 16.000000
1394272800 14.000000
1394276400 11.000000
1394280000 9.000000
1394283600 12.000000
1394287200 15.000000
1394290800 18.000000
1394294400 18.000000
1394298000 19.000000
1394301600 19.000000
1394305200 22.000000
1394308800 25.000000
1394312400 28.000000
1394316000 26.000000
1394319600 23.000000
1394323200 21.000000
1394326800 19.000000
1394330400 18.000000
1394334000 16.000000
1394337600 15.000000
1394341200 15.000000
1394344800 14.000000
1394348400 16.000000
1394352000 17.000000
1394355600 19.000000
1394359200 19.000000
1394362800 18.000000
1394366400 18.000000
1394370000 21.000000
1394373600 25.000000
1394377200 28.000000
1394380800 32.000000
1394384400 35.000000
1394388000 39.000000
1394391600 40.000000
1394395200 40.000000
1394398800 41.000000
1394402400 40.000000
1394406000 38.000000
1394409600 37.000000
1394413200 38.000000
1394416800 40.000000
1394420400 41.000000
1394424000 37.000000
1394427600 32.000000
1394431200 28.000000
1394434800 29.000000
1394438400 29.000000
1394442000 30.000000
1394445600 29.000000
1394449200 29.000000
1394452800 28.000000
1394456400 29.000000
1394460000 29.000000
1394463600 30.000000
1394467200 36.000000
1394470800 42.000000
1394474400 48.000000
1394478000 47.000000
1394481600 47.000000
1394485200 46.000000
1394488800 43.000000
1394492400 40.000000
1394496000 37.000000
1394499600 36.000000
1394503200 35.000000
1394506800 34.000000
1394510400 33.000000
1394514000 31.000000
1394517600 30.000000
1394521200 30.000000
1394524800 30.000000
1394528400 30.000000
1394532000 29.000000
1394535600 29.000000
1394539200 28.000000
1394542800 30.000000
1394546400 32.000000
1394550000 34.000000
1394553600 34.000000
1394557200 34.000000
1394560800 34.000000
1394564400 35.000000
1394568000 35.000000
1394571600 36.000000
1394575200 35.000000
1394578800 35.000000
1394582400 34.000000
1394586000 33.000000
1394589600 31.000000
1394593200 30.000000
1394596800 29.000000
1394600400 28.000000
1394604000 27.000000
1394607600 26.000000
1394611200 24.000000
1394614800 23.000000
1394618400 22.000000
1394622000 20.000000
1394625600 19.000000
1394629200 17.000000
1394632800 16.000000
1394636400 14.000000
1394640000 18.000000
1394643600 21.000000
1394647200 25.000000
1394650800 27.000000
1394654400 28.000000
1394658000 30.000000
1394661600 29.000000
1394665200 28.000000
1394668800 27.000000
1394672400 26.000000
1394676000 26.000000
1394679600 25.000000
1394683200 24.000000
1394686800 22.000000
1394690400 21.000000
1394694000 18.000000
1394697600 15.000000
1394701200 12.000000
1394704800 15.000000
1394708400 18.000000
1394712000 21.000000
1394715600 19.000000
1394719200 16.000000
1394722800 14.000000
1394726400 16.000000
1394730000 17.000000
1394733600 19.000000
1394737200 22.000000
1394740800 24.000000
1394744400 27.000000
1394748000 27.000000
1394751600 27.000000
1394755200 27.000000
1394758800 26.000000
1394762400 24.000000
1394766000 23.000000
1394769600 22.000000
1394773200 22.000000
1394776800 21.000000
1394780400 19.000000
1394784000 16.000000
1394787600 14.000000
1394791200 14.000000
1394794800 14.000000
1394798400 14.000000
1394802000 16.000000
1394805600 19.000000
1394809200 21.000000
1394812800 23.000000
1394816400 25.000000
1394820000 27.000000
1394823600 29.000000
1394827200 30.000000
1394830800 32.000000
1394834400 31.000000
1394838000 31.000000
1394841600 30.000000
1394845200 29.000000
1394848800 28.000000
1394852400 27.000000
1394856000 25.000000
1394859600 23.000000
1394863200 21.000000
1394866800 20.000000
1394870400 20.000000
1394874000 19.000000
1394877600 18.000000
1394881200 17.000000
1394884800 16.000000
1394888400 18.000000
1394892000 19.000000
1394895600 21.000000
1394899200 23.000000
1394902800 26.000000
1394906400 28.000000
1394910000 28.000000
1394913600 28.000000
1394917200 28.000000
1394920800 27.000000
1394924400 26.000000
1394928000 25.000000
1394931600 24.000000
1394935200 24.000000
1394938800 23.000000
1394942400 22.000000
1394946000 20.000000
1394949600 19.000000
1394953200 19.000000
1394956800 18.000000
1394960400 18.000000
1394964000 17.000000
1394967600 15.000000
1394971200 14.000000
1394974800 16.000000
1394978400 19.000000
1394982000 21.000000
1394985600 23.000000
1394989200 26.000000
