1391108400 18.000000
1391112000 17.000000
1391115600 16.000000
1391119200 13.000000
1391122800 10.000000
1391126400 7.000000
1391130000 5.000000
1391133600 3.000000
1391137200 1.000000
1391140800 0.000000
1391144400 -1.000000
1391148000 -3.000000
1391151600 -4.000000
1391155200 -4.000000
1391158800 -5.000000
1391162400 -6.000000
1391166000 -7.000000
1391169600 -8.000000
1391173200 -8.000000
1391176800 -7.000000
1391180400 -7.000000
1391184000 -4.000000
1391187600 -2.000000
1391191200 0.000000
1391194800 2.000000
1391198400 5.000000
1391202000 7.000000
1391205600 5.000000
1391209200 3.000000
1391212800 1.000000
1391216400 0.000000
1391220000 -1.000000
1391223600 -3.000000
1391227200 -4.000000
1391230800 -6.000000
1391234400 -7.000000
1391238000 -7.000000
1391241600 -7.000000
1391245200 -7.000000
1391248800 -4.000000
1391252400 -2.000000
1391256000 0.000000
1391259600 1.000000
1391263200 2.000000
1391266800 3.000000
1391270400 6.000000
1391274000 9.000000
1391277600 12.000000
1391281200 13.000000
1391284800 15.000000
1391288400 16.000000
1391292000 15.000000
1391295600 13.000000
1391299200 12.000000
1391302800 8.000000
1391306400 5.000000
1391310000 1.000000
1391313600 0.000000
1391317200 -1.000000
1391320800 -3.000000
1391324400 -4.000000
1391328000 -4.000000
1391331600 -5.000000
1391335200 -5.000000
1391338800 -5.000000
1391342400 -5.000000
1391346000 -5.000000
1391349600 -5.000000
1391353200 -5.000000
1391356800 -2.000000
1391360400 0.000000
1391364000 3.000000
1391367600 4.000000
1391371200 4.000000
1391374800 5.000000
1391378400 6.000000
1391382000 6.000000
1391385600 7.000000
1391389200 5.000000
1391392800 2.000000
1391396400 0.000000
1391400000 1.000000
1391403600 2.000000
1391407200 3.000000
1391410800 6.000000
1391414400 9.000000
1391418000 12.000000
1391421600 7.000000
1391425200 3.000000
1391428800 -1.000000
1391432400 0.000000
1391436000 3.000000
1391439600 5.000000
1391443200 7.000000
1391446800 8.000000
1391450400 10.000000
1391454000 12.000000
1391457600 14.000000
1391461200 16.000000
1391464800 15.000000
1391468400 13.000000
1391472000 12.000000
1391475600 11.000000
1391479200 11.000000
1391482800 10.000000
1391486400 8.000000
1391490000 5.000000
1391493600 3.000000
1391497200 1.000000
1391500800 0.000000
1391504400 -1.000000
1391508000 -2.000000
1391511600 -2.000000
1391515200 -3.000000
1391518800 -2.000000
1391522400 0.000000
1391526000 0.000000
1391529600 2.000000
1391533200 5.000000
1391536800 7.000000
1391540400 9.000000
1391544000 10.000000
1391547600 12.000000
1391551200 10.000000
1391554800 7.000000
1391558400 5.000000
1391562000 2.000000
1391565600 0.000000
1391569200 -3.000000
1391572800 -2.000000
1391576400 0.000000
1391580000 0.000000
1391583600 -2.000000
1391587200 -4.000000
1391590800 -7.000000
1391594400 -8.000000
1391598000 -9.000000
1391601600 -10.000000
1391605200 -8.000000
1391608800 -5.000000
1391612400 -3.000000
1391616000 -2.000000
1391619600 -2.000000
1391623200 -1.000000
1391626800 0.000000
1391630400 0.000000
1391634000 0.000000
1391637600 0.000000
1391641200 -2.000000
1391644800 -3.000000
1391648400 -5.000000
1391652000 -6.000000
1391655600 -8.000000
1391659200 -8.000000
1391662800 -7.000000
1391666400 -7.000000
1391670000 -9.000000
1391673600 -12.000000
1391677200 -14.000000
1391680800 -15.000000
1391684400 -15.000000
1391688000 -16.000000
1391691600 -16.000000
1391695200 -16.000000
1391698800 -16.000000
1391702400 -13.000000
1391706000 -11.000000
1391709600 -8.000000
1391713200 -7.000000
1391716800 -6.000000
1391720400 -5.000000
1391724000 -6.000000
1391727600 -6.000000
1391731200 -7.000000
1391734800 -7.000000
1391738400 -8.000000
1391742000 -8.000000
1391745600 -8.000000
1391749200 -8.000000
1391752800 -8.000000
1391756400 -8.000000
1391760000 -8.000000
1391763600 -8.000000
1391767200 -8.000000
1391770800 -7.000000
1391774400 -7.000000
1391778000 -5.000000
1391781600 -3.000000
1391785200 -1.000000
1391788800 0.000000
1391792400 0.000000
1391796000 0.000000
1391799600 1.000000
1391803200 2.000000
1391806800 3.000000
1391810400 2.000000
1391814000 2.000000
1391817600 1.000000
1391821200 1.000000
1391824800 1.000000
1391828400 1.000000
1391832000 1.000000
1391835600 1.000000
1391839200 1.000000
1391842800 1.000000
1391846400 0.000000
1391850000 0.000000
1391853600 0.000000
1391857200 0.000000
1391860800 -1.000000
1391864400 0.000000
1391868000 1.000000
1391871600 3.000000
1391875200 4.000000
1391878800 6.000000
1391882400 7.000000
1391886000 7.000000
1391889600 7.000000
1391893200 7.000000
1391896800 6.000000
1391900400 6.000000
1391904000 5.000000
1391907600 4.000000
1391911200 4.000000
1391914800 3.000000
1391918400 2.000000
1391922000 2.000000
1391925600 1.000000
1391929200 0.000000
1391932800 0.000000
1391936400 -1.000000
1391940000 -2.000000
1391943600 -2.000000
1391947200 -3.000000
1391950800 -1.000000
1391954400 0.000000
1391958000 1.000000
1391961600 0.000000
1391965200 0.000000
1391968800 -1.000000
