1394474400 46.000000
1394478000 46.000000
1394481600 46.000000
1394485200 46.000000
1394488800 47.000000
1394492400 47.000000
1394496000 48.000000
1394499600 45.000000
1394503200 42.000000
1394506800 39.000000
1394510400 38.000000
1394514000 38.000000
1394517600 37.000000
1394521200 37.000000
1394524800 36.000000
1394528400 36.000000
1394532000 35.000000
1394535600 35.000000
1394539200 34.000000
1394542800 35.000000
1394546400 35.000000
1394550000 36.000000
1394553600 36.000000
1394557200 37.000000
1394560800 37.000000
1394564400 38.000000
1394568000 38.000000
1394571600 39.000000
1394575200 37.000000
1394578800 36.000000
1394582400 34.000000
1394586000 33.000000
1394589600 33.000000
1394593200 32.000000
1394596800 30.000000
1394600400 27.000000
1394604000 25.000000
1394607600 23.000000
1394611200 21.000000
1394614800 19.000000
1394618400 17.000000
1394622000 14.000000
1394625600 12.000000
1394629200 14.000000
1394632800 17.000000
1394636400 19.000000
1394640000 20.000000
1394643600 22.000000
1394647200 23.000000
1394650800 24.000000
1394654400 24.000000
1394658000 25.000000
1394661600 26.000000
1394665200 26.000000
1394668800 27.000000
1394672400 24.000000
1394676000 21.000000
1394679600 18.000000
1394683200 18.000000
1394686800 18.000000
1394690400 18.000000
1394694000 20.000000
1394697600 21.000000
1394701200 23.000000
1394704800 22.000000
1394708400 22.000000
1394712000 21.000000
1394715600 23.000000
1394719200 26.000000
1394722800 28.000000
1394726400 32.000000
1394730000 37.000000
1394733600 41.000000
1394737200 42.000000
1394740800 42.000000
1394744400 43.000000
1394748000 40.000000
1394751600 37.000000
1394755200 34.000000
1394758800 36.000000
1394762400 37.000000
1394766000 39.000000
1394769600 38.000000
1394773200 37.000000
1394776800 36.000000
1394780400 36.000000
1394784000 37.000000
1394787600 37.000000
1394791200 35.000000
1394794800 32.000000
1394798400 30.000000
1394802000 32.000000
1394805600 35.000000
1394809200 37.000000
1394812800 38.000000
1394816400 38.000000
1394820000 39.000000
1394823600 40.000000
1394827200 40.000000
1394830800 41.000000
1394834400 40.000000
1394838000 38.000000
1394841600 37.000000
1394845200 36.000000
1394848800 35.000000
1394852400 34.000000
1394856000 32.000000
1394859600 29.000000
1394863200 27.000000
1394866800 27.000000
1394870400 27.000000
1394874000 27.000000
1394877600 26.000000
1394881200 26.000000
1394884800 25.000000
1394888400 27.000000
1394892000 28.000000
1394895600 30.000000
1394899200 32.000000
1394902800 34.000000
1394906400 36.000000
1394910000 36.000000
1394913600 37.000000
1394917200 37.000000
1394920800 36.000000
1394924400 35.000000
1394928000 34.000000
1394931600 33.000000
1394935200 33.000000
1394938800 32.000000
1394942400 31.000000
1394946000 29.000000
1394949600 28.000000
1394953200 28.000000
1394956800 27.000000
1394960400 27.000000
1394964000 26.000000
1394967600 24.000000
1394971200 23.000000
1394974800 24.000000
1394978400 24.000000
1394982000 25.000000
1394985600 27.000000
1394989200 28.000000
1394992800 30.000000
1394996400 33.000000
1395000000 36.000000
1395003600 39.000000
1395007200 35.000000
1395010800 32.000000
1395014400 28.000000
1395018000 28.000000
1395021600 27.000000
1395025200 27.000000
1395028800 22.000000
1395032400 17.000000
1395036000 12.000000
1395039600 15.000000
1395043200 18.000000
1395046800 21.000000
1395050400 20.000000
1395054000 20.000000
1395057600 19.000000
1395061200 20.000000
1395064800 22.000000
1395068400 23.000000
1395072000 25.000000
1395075600 28.000000
1395079200 30.000000
1395082800 33.000000
1395086400 36.000000
1395090000 39.000000
1395093600 38.000000
1395097200 37.000000
1395100800 36.000000
1395104400 35.000000
1395108000 35.000000
1395111600 34.000000
1395115200 34.000000
1395118800 34.000000
1395122400 34.000000
1395126000 30.000000
1395129600 25.000000
1395133200 21.000000
1395136800 20.000000
1395140400 20.000000
1395144000 19.000000
1395147600 21.000000
1395151200 23.000000
1395154800 25.000000
1395158400 27.000000
1395162000 28.000000
1395165600 30.000000
1395169200 32.000000
1395172800 35.000000
1395176400 37.000000
1395180000 37.000000
1395183600 36.000000
1395187200 36.000000
1395190800 35.000000
1395194400 33.000000
1395198000 32.000000
1395201600 31.000000
1395205200 29.000000
1395208800 28.000000
1395212400 25.000000
1395216000 22.000000
1395219600 19.000000
1395223200 19.000000
1395226800 18.000000
1395230400 18.000000
1395234000 20.000000
1395237600 23.000000
1395241200 25.000000
1395244800 27.000000
1395248400 28.000000
1395252000 30.000000
1395255600 32.000000
1395259200 34.000000
1395262800 36.000000
1395266400 35.000000
1395270000 35.000000
1395273600 34.000000
1395277200 32.000000
1395280800 29.000000
1395284400 27.000000
1395288000 26.000000
1395291600 24.000000
1395295200 23.000000
1395298800 22.000000
1395302400 22.000000
1395306000 21.000000
1395309600 20.000000
1395313200 20.000000
1395316800 19.000000
1395320400 22.000000
1395324000 24.000000
1395327600 27.000000
1395331200 29.000000
1395334800 30.000000
