1392735600 28.000000
1392739200 31.000000
1392742800 33.000000
1392746400 36.000000
1392750000 38.000000
1392753600 39.000000
1392757200 41.000000
1392760800 40.000000
1392764400 38.000000
1392768000 37.000000
1392771600 36.000000
1392775200 35.000000
1392778800 34.000000
1392782400 32.000000
1392786000 29.000000
1392789600 27.000000
1392793200 26.000000
1392796800 24.000000
1392800400 23.000000
1392804000 23.000000
1392807600 23.000000
1392811200 23.000000
1392814800 25.000000
1392818400 26.000000
1392822000 28.000000
1392825600 31.000000
1392829200 33.000000
1392832800 36.000000
1392836400 36.000000
1392840000 37.000000
1392843600 37.000000
1392847200 36.000000
1392850800 35.000000
1392854400 34.000000
1392858000 35.000000
1392861600 36.000000
1392865200 37.000000
1392868800 38.000000
1392872400 40.000000
1392876000 41.000000
1392879600 39.000000
1392883200 38.000000
1392886800 36.000000
1392890400 34.000000
1392894000 32.000000
1392897600 30.000000
1392901200 31.000000
1392904800 33.000000
1392908400 34.000000
1392912000 33.000000
1392915600 31.000000
1392919200 30.000000
1392922800 31.000000
1392926400 31.000000
1392930000 32.000000
1392933600 31.000000
1392937200 29.000000
1392940800 28.000000
1392944400 26.000000
1392948000 23.000000
1392951600 21.000000
1392955200 25.000000
1392958800 28.000000
1392962400 32.000000
1392966000 26.000000
1392969600 20.000000
1392973200 14.000000
1392976800 13.000000
1392980400 11.000000
1392984000 10.000000
1392987600 11.000000
1392991200 13.000000
1392994800 14.000000
1392998400 16.000000
1393002000 17.000000
1393005600 19.000000
1393009200 19.000000
1393012800 18.000000
1393016400 18.000000
1393020000 17.000000
1393023600 17.000000
1393027200 16.000000
1393030800 14.000000
1393034400 12.000000
1393038000 10.000000
1393041600 8.000000
1393045200 7.000000
1393048800 5.000000
1393052400 6.000000
1393056000 6.000000
1393059600 7.000000
1393063200 4.000000
1393066800 1.000000
1393070400 -1.000000
1393074000 0.000000
1393077600 0.000000
1393081200 1.000000
1393084800 5.000000
1393088400 8.000000
1393092000 12.000000
1393095600 13.000000
1393099200 13.000000
1393102800 14.000000
1393106400 13.000000
1393110000 13.000000
1393113600 12.000000
1393117200 11.000000
1393120800 11.000000
1393124400 10.000000
1393128000 10.000000
1393131600 10.000000
1393135200 10.000000
1393138800 8.000000
1393142400 5.000000
1393146000 3.000000
1393149600 2.000000
1393153200 2.000000
1393156800 1.000000
1393160400 2.000000
1393164000 4.000000
1393167600 5.000000
1393171200 7.000000
1393174800 8.000000
1393178400 10.000000
1393182000 11.000000
1393185600 13.000000
1393189200 14.000000
1393192800 13.000000
1393196400 11.000000
1393200000 10.000000
1393203600 8.000000
1393207200 7.000000
1393210800 5.000000
1393214400 4.000000
1393218000 4.000000
1393221600 3.000000
1393225200 2.000000
1393228800 1.000000
1393232400 0.000000
1393236000 0.000000
1393239600 0.000000
1393243200 -1.000000
1393246800 0.000000
1393250400 0.000000
1393254000 1.000000
1393257600 4.000000
1393261200 6.000000
1393264800 9.000000
1393268400 10.000000
1393272000 11.000000
1393275600 12.000000
1393279200 10.000000
1393282800 9.000000
1393286400 7.000000
1393290000 7.000000
1393293600 7.000000
1393297200 7.000000
1393300800 3.000000
1393304400 -1.000000
1393308000 -5.000000
1393311600 -4.000000
1393315200 -4.000000
1393318800 -3.000000
1393322400 -4.000000
1393326000 -4.000000
1393329600 -5.000000
1393333200 -3.000000
1393336800 -1.000000
1393340400 0.000000
1393344000 2.000000
1393347600 3.000000
1393351200 5.000000
1393354800 7.000000
1393358400 10.000000
1393362000 12.000000
1393365600 8.000000
1393369200 5.000000
1393372800 1.000000
1393376400 3.000000
1393380000 5.000000
1393383600 7.000000
1393387200 6.000000
1393390800 6.000000
1393394400 5.000000
1393398000 3.000000
1393401600 0.000000
1393405200 -1.000000
1393408800 -1.000000
1393412400 -1.000000
1393416000 -1.000000
1393419600 0.000000
1393423200 0.000000
1393426800 0.000000
1393430400 2.000000
1393434000 5.000000
1393437600 7.000000
1393441200 8.000000
1393444800 8.000000
1393448400 9.000000
1393452000 7.000000
1393455600 5.000000
1393459200 3.000000
1393462800 2.000000
1393466400 2.000000
1393470000 1.000000
1393473600 1.000000
1393477200 1.000000
1393480800 1.000000
1393484400 1.000000
1393488000 1.000000
1393491600 1.000000
1393495200 1.000000
1393498800 1.000000
1393502400 1.000000
1393506000 3.000000
1393509600 5.000000
1393513200 7.000000
1393516800 9.000000
1393520400 10.000000
1393524000 12.000000
1393527600 11.000000
1393531200 10.000000
1393534800 9.000000
1393538400 8.000000
1393542000 6.000000
1393545600 5.000000
1393549200 4.000000
1393552800 4.000000
1393556400 3.000000
1393560000 2.000000
1393563600 2.000000
1393567200 1.000000
1393570800 1.000000
1393574400 0.000000
1393578000 0.000000
1393581600 0.000000
1393585200 0.000000
1393588800 0.000000
1393592400 2.000000
1393596000 3.000000
