1390492800 -10.000000
1390496400 -9.000000
1390500000 -7.000000
1390503600 -4.000000
1390507200 -2.000000
1390510800 0.000000
1390514400 0.000000
1390518000 -2.000000
1390521600 -3.000000
1390525200 -3.000000
1390528800 -3.000000
1390532400 -3.000000
1390536000 -1.000000
1390539600 0.000000
1390543200 1.000000
1390546800 4.000000
1390550400 7.000000
1390554000 10.000000
1390557600 14.000000
1390561200 17.000000
1390564800 21.000000
1390568400 21.000000
1390572000 21.000000
1390575600 21.000000
1390579200 25.000000
1390582800 30.000000
1390586400 34.000000
1390590000 34.000000
1390593600 34.000000
1390597200 34.000000
1390600800 33.000000
1390604400 33.000000
1390608000 32.000000
1390611600 30.000000
1390615200 29.000000
1390618800 27.000000
1390622400 26.000000
1390626000 24.000000
1390629600 23.000000
1390633200 20.000000
1390636800 17.000000
1390640400 14.000000
1390644000 13.000000
1390647600 11.000000
1390651200 10.000000
1390654800 9.000000
1390658400 8.000000
1390662000 7.000000
1390665600 8.000000
1390669200 8.000000
1390672800 9.000000
1390676400 9.000000
1390680000 9.000000
1390683600 9.000000
1390687200 8.000000
1390690800 6.000000
1390694400 5.000000
1390698000 8.000000
1390701600 11.000000
1390705200 14.000000
1390708800 13.000000
1390712400 13.000000
1390716000 12.000000
1390719600 13.000000
1390723200 13.000000
1390726800 14.000000
1390730400 13.000000
1390734000 13.000000
1390737600 12.000000
1390741200 9.000000
1390744800 6.000000
1390748400 3.000000
1390752000 2.000000
1390755600 2.000000
1390759200 1.000000
1390762800 4.000000
1390766400 7.000000
1390770000 10.000000
1390773600 7.000000
1390777200 4.000000
1390780800 1.000000
1390784400 -1.000000
1390788000 -4.000000
1390791600 -7.000000
1390795200 -4.000000
1390798800 -2.000000
1390802400 0.000000
1390806000 -3.000000
1390809600 -8.000000
1390813200 -12.000000
1390816800 -12.000000
1390820400 -12.000000
1390824000 -12.000000
1390827600 -13.000000
1390831200 -15.000000
1390834800 -16.000000
1390838400 -15.000000
1390842000 -15.000000
1390845600 -14.000000
1390849200 -13.000000
1390852800 -13.000000
1390856400 -12.000000
1390860000 -12.000000
1390863600 -12.000000
1390867200 -12.000000
1390870800 -13.000000
1390874400 -15.000000
1390878000 -16.000000
1390881600 -18.000000
1390885200 -19.000000
1390888800 -21.000000
1390892400 -19.000000
1390896000 -18.000000
1390899600 -16.000000
1390903200 -17.000000
1390906800 -18.000000
1390910400 -19.000000
1390914000 -18.000000
1390917600 -17.000000
1390921200 -16.000000
1390924800 -13.000000
1390928400 -11.000000
1390932000 -8.000000
1390935600 -7.000000
1390939200 -6.000000
1390942800 -5.000000
1390946400 -6.000000
1390950000 -6.000000
1390953600 -7.000000
1390957200 -7.000000
1390960800 -7.000000
1390964400 -7.000000
1390968000 -7.000000
1390971600 -7.000000
1390975200 -7.000000
1390978800 -9.000000
1390982400 -10.000000
1390986000 -12.000000
1390989600 -14.000000
1390993200 -17.000000
1390996800 -19.000000
1391000400 -15.000000
1391004000 -11.000000
1391007600 -7.000000
1391011200 -4.000000
1391014800 -2.000000
1391018400 0.000000
1391022000 1.000000
1391025600 2.000000
1391029200 3.000000
1391032800 1.000000
1391036400 0.000000
1391040000 -1.000000
1391043600 -2.000000
1391047200 -2.000000
1391050800 -3.000000
1391054400 4.000000
1391058000 13.000000
1391061600 21.000000
1391065200 13.000000
1391068800 6.000000
1391072400 -1.000000
1391076000 0.000000
1391079600 0.000000
1391083200 0.000000
1391086800 2.000000
1391090400 3.000000
1391094000 5.000000
1391097600 3.000000
1391101200 2.000000
1391104800 0.000000
1391108400 3.000000
1391112000 6.000000
1391115600 9.000000
1391119200 9.000000
1391122800 9.000000
1391126400 9.000000
1391130000 8.000000
1391133600 8.000000
1391137200 7.000000
1391140800 7.000000
1391144400 7.000000
1391148000 7.000000
1391151600 6.000000
1391155200 6.000000
1391158800 5.000000
1391162400 5.000000
1391166000 5.000000
1391169600 5.000000
1391173200 6.000000
1391176800 8.000000
1391180400 9.000000
1391184000 10.000000
1391187600 11.000000
1391191200 12.000000
1391194800 11.000000
1391198400 11.000000
1391202000 10.000000
1391205600 10.000000
1391209200 10.000000
1391212800 10.000000
1391216400 10.000000
1391220000 9.000000
1391223600 9.000000
1391227200 8.000000
1391230800 6.000000
1391234400 5.000000
1391238000 5.000000
1391241600 5.000000
1391245200 5.000000
1391248800 4.000000
1391252400 4.000000
1391256000 3.000000
1391259600 4.000000
1391263200 6.000000
1391266800 7.000000
1391270400 8.000000
1391274000 9.000000
1391277600 10.000000
1391281200 10.000000
1391284800 9.000000
1391288400 9.000000
1391292000 8.000000
1391295600 8.000000
1391299200 7.000000
1391302800 7.000000
1391306400 7.000000
1391310000 7.000000
1391313600 6.000000
1391317200 6.000000
1391320800 5.000000
1391324400 6.000000
1391328000 6.000000
1391331600 7.000000
1391335200 7.000000
1391338800 7.000000
1391342400 7.000000
1391346000 8.000000
1391349600 9.000000
1391353200 10.000000
